1 0.634765625 0.619140625 0.05078125 0.02734375
1 0.583984375 0.66015625 0.04296875 0.015625
0 0.6484375 0.6328125 0.078125 0.046875
0 0.607421875 0.658203125 0.08203125 0.03515625
1 0.68359375 0.6640625 0.0234375 0.015625
0 0.681640625 0.658203125 0.04296875 0.05078125
1 0.59765625 0.904296875 0.0234375 0.02734375
0 0.56640625 0.908203125 0.0859375 0.03515625
1 0.537109375 0.8125 0.05078125 0.0546875
1 0.70703125 0.736328125 0.0546875 0.04296875
1 0.6796875 0.703125 0.0625 0.03125
1 0.84375 0.765625 0.0546875 0.03125
1 0.72265625 0.896484375 0.046875 0.05859375
1 0.76171875 0.931640625 0.0625 0.07421875
1 0.857421875 0.86328125 0.13671875 0.03125
1 0.76171875 0.8359375 0.0234375 0.0546875
1 0.58203125 0.953125 0.0625 0.0390625
1 0.52734375 0.962890625 0.0234375 0.05078125
1 0.18359375 0.814453125 0.0546875 0.05859375
1 0.099609375 0.74609375 0.09765625 0.0390625
1 0.185546875 0.708984375 0.03515625 0.03515625
1 0.16796875 0.919921875 0.0625 0.05859375
1 0.255859375 0.904296875 0.05859375 0.05859375
1 0.341796875 0.412109375 0.05859375 0.06640625
1 0.28125 0.40625 0.03125 0.03125
1 0.08984375 0.134765625 0.0703125 0.03515625
1 0.2734375 0.36328125 0.0234375 0.0234375
1 0.63671875 0.232421875 0.0625 0.05859375
1 0.037109375 0.5078125 0.06640625 0.046875
1 0.5390625 0.74609375 0.0234375 0.03125
1 0.568359375 0.859375 0.06640625 0.046875
1 0.671875 0.966796875 0.09375 0.04296875
1 0.0234375 0.103515625 0.0390625 0.01953125
1 0.98828125 0.216796875 0.0234375 0.02734375
1 0.595703125 0.91015625 0.02734375 0.0234375
1 0.4921875 0.970703125 0.0234375 0.05859375
1 0.05859375 0.98828125 0.078125 0.0234375
1 0.986328125 0.267578125 0.02734375 0.02734375
1 0.615234375 0.359375 0.03515625 0.0390625
1 0.59375 0.791015625 0.0390625 0.01953125
0 0.603515625 0.787109375 0.04296875 0.02734375
