1 0.736328125 0.537109375 0.07421875 0.08984375
1 0.509765625 0.48046875 0.05859375 0.0859375
1 0.54296875 0.591796875 0.0625 0.07421875
1 0.359375 0.58984375 0.046875 0.046875
1 0.0703125 0.767578125 0.0625 0.07421875
1 0.1328125 0.9296875 0.0703125 0.0703125
1 0.0859375 0.3515625 0.046875 0.0625
1 0.37109375 0.26953125 0.0546875 0.0390625
1 0.1953125 0.08203125 0.0546875 0.046875
1 0.220703125 0.11328125 0.05078125 0.046875
1 0.685546875 0.037109375 0.03515625 0.04296875
1 0.75 0.2109375 0.0546875 0.1015625
1 0.46875 0.669921875 0.046875 0.06640625
1 0.50390625 0.74609375 0.0546875 0.0546875
0 0.50390625 0.734375 0.0703125 0.078125
1 0.78125 0.458984375 0.0546875 0.03515625
0 0.9765625 0.583984375 0.046875 0.03515625
1 0.373046875 0.646484375 0.02734375 0.05859375
1 0.47265625 0.037109375 0.046875 0.06640625
1 0.1484375 0.021484375 0.078125 0.03515625
1 0.96875 0.591796875 0.0234375 0.01953125
1 0.609375 0.98828125 0.03125 0.0234375
1 0.48828125 0.884765625 0.0390625 0.06640625
1 0.5546875 0.240234375 0.0078125 0.03515625
1 0.646484375 0.1015625 0.01953125 0.015625
1 0.57421875 0.94921875 0.0234375 0.03125
0 0.568359375 0.93359375 0.04296875 0.0859375
