0 0.787109375 0.13671875 0.07421875 0.0390625
1 0.771484375 0.1328125 0.05078125 0.0234375
1 0.490234375 0.35546875 0.07421875 0.03125
1 0.65625 0.099609375 0.078125 0.05859375
1 0.267578125 0.12109375 0.05859375 0.0859375
1 0.271484375 0.037109375 0.06640625 0.02734375
1 0.43359375 0.8125 0.0625 0.0234375
1 0.203125 0.849609375 0.0859375 0.04296875
1 0.546875 0.578125 0.0390625 0.0234375
1 0.49609375 0.607421875 0.0546875 0.05859375
1 0.869140625 0.5859375 0.05078125 0.03125
0 0.84765625 0.59375 0.09375 0.0390625
1 0.638671875 0.9140625 0.01953125 0.0234375
0 0.630859375 0.9140625 0.03515625 0.03125
1 0.91015625 0.0234375 0.0546875 0.03125
1 0.591796875 0.037109375 0.05859375 0.03515625
1 0.572265625 0.98828125 0.02734375 0.0234375
1 0.904296875 0.43359375 0.02734375 0.0234375
1 0.134765625 0.09375 0.02734375 0.0234375
