0 0.0546875 0.349609375 0.046875 0.04296875
1 0.345703125 0.26171875 0.02734375 0.046875
1 0.580078125 0.169921875 0.03515625 0.04296875
1 0.443359375 0.05859375 0.06640625 0.03125
1 0.78125 0.595703125 0.0390625 0.01953125
1 0.44140625 0.767578125 0.03125 0.03515625
1 0.609375 0.7734375 0.0390625 0.0390625
1 0.64453125 0.416015625 0.0234375 0.01953125
1 0.23046875 0.94921875 0.03125 0.0390625
1 0.203125 0.939453125 0.0234375 0.03515625
1 0.39453125 0.099609375 0.0546875 0.03515625
1 0.5703125 0.015625 0.03125 0.0234375
0 0.6484375 0.38671875 0.0625 0.0234375
1 0.634765625 0.38671875 0.01953125 0.015625
