1 0.224609375 0.5703125 0.02734375 0.03125
0 0.23046875 0.583984375 0.0390625 0.06640625
1 0.244140625 0.64453125 0.01953125 0.03125
0 0.236328125 0.654296875 0.04296875 0.05078125
1 0.189453125 0.474609375 0.02734375 0.03515625
1 0.3203125 0.490234375 0.0546875 0.05078125
1 0.337890625 0.072265625 0.04296875 0.05078125
1 0.50390625 0.326171875 0.046875 0.08203125
1 0.18359375 0.59375 0.0390625 0.0546875
1 0.1875 0.67578125 0.03125 0.046875
1 0.2109375 0.771484375 0.03125 0.05859375
1 0.130859375 0.962890625 0.03515625 0.04296875
1 0.09765625 0.990234375 0.0390625 0.01953125
1 0.234375 0.025390625 0.0546875 0.04296875
1 0.31640625 0.015625 0.046875 0.0234375
1 0.388671875 0.197265625 0.02734375 0.02734375
1 0.21875 0.44921875 0.0234375 0.0234375
1 0.1953125 0.513671875 0.0390625 0.03515625
