1 0.03515625 0.04296875 0.0625 0.078125
1 0.095703125 0.109375 0.03515625 0.0625
1 0.095703125 0.041015625 0.04296875 0.07421875
1 0.1484375 0.140625 0.03125 0.0703125
1 0.193359375 0.205078125 0.01953125 0.02734375
0 0.189453125 0.193359375 0.04296875 0.11328125
1 0.228515625 0.298828125 0.04296875 0.06640625
1 0.2421875 0.35546875 0.0390625 0.03125
1 0.1875 0.345703125 0.0390625 0.04296875
0 0.171875 0.326171875 0.0703125 0.08203125
0 0.255859375 0.396484375 0.05859375 0.02734375
1 0.130859375 0.423828125 0.05859375 0.05078125
1 0.63671875 0.412109375 0.03125 0.03515625
1 0.7109375 0.478515625 0.0546875 0.05859375
1 0.541015625 0.01171875 0.03515625 0.015625
1 0.986328125 0.474609375 0.02734375 0.08203125
1 0.5625 0.751953125 0.03125 0.03515625
1 0.58203125 0.796875 0.03125 0.0390625
1 0.88671875 0.986328125 0.03125 0.02734375
1 0.32421875 0.95703125 0.078125 0.078125
1 0.240234375 0.83984375 0.02734375 0.0234375
1 0.19140625 0.79296875 0.0390625 0.0546875
1 0.158203125 0.6796875 0.05078125 0.0546875
1 0.41015625 0.546875 0.03125 0.0390625
1 0.4375 0.625 0.03125 0.046875
1 0.62109375 0.87109375 0.015625 0.015625
1 0.806640625 0.171875 0.02734375 0.03125
0 0.822265625 0.185546875 0.05078125 0.05859375
