1 0.353515625 0.390625 0.05859375 0.0390625
1 0.779296875 0.453125 0.07421875 0.0625
1 0.41796875 0.720703125 0.0625 0.03515625
1 0.966796875 0.529296875 0.02734375 0.05859375
1 0.662109375 0.677734375 0.04296875 0.02734375
1 0.919921875 0.875 0.04296875 0.0703125
1 0.826171875 0.94140625 0.04296875 0.0390625
1 0.50390625 0.673828125 0.0546875 0.04296875
0 0.5 0.6953125 0.0546875 0.0859375
0 0.46484375 0.9375 0.078125 0.1015625
1 0.48046875 0.951171875 0.0234375 0.01171875
1 0.99609375 0.8828125 0.0078125 0.0546875
1 0.4140625 0.3984375 0.0390625 0.03125
