1 0.33984375 0.076171875 0.078125 0.05859375
1 0.2265625 0.1796875 0.0703125 0.0859375
1 0.810546875 0.140625 0.05859375 0.0625
1 0.51953125 0.259765625 0.0625 0.05078125
1 0.26953125 0.275390625 0.0390625 0.08203125
1 0.599609375 0.49609375 0.04296875 0.0703125
1 0.3984375 0.66796875 0.0234375 0.0546875
1 0.61328125 0.765625 0.0390625 0.1015625
1 0.9375 0.947265625 0.046875 0.04296875
1 0.44921875 0.482421875 0.09375 0.05859375
1 0.81640625 0.66015625 0.0234375 0.0390625
1 0.638671875 0.95703125 0.03515625 0.0625
1 0.892578125 0.986328125 0.03515625 0.02734375
1 0.203125 0.244140625 0.03125 0.03515625
1 0.3828125 0.248046875 0.0390625 0.03515625
1 0.45703125 0.982421875 0.03125 0.02734375
0 0.208984375 0.263671875 0.02734375 0.06640625
