1 0.755859375 0.044921875 0.08203125 0.08203125
1 0.763671875 0.29296875 0.05859375 0.0625
1 0.83984375 0.3671875 0.0625 0.0390625
1 0.8984375 0.376953125 0.0703125 0.04296875
1 0.619140625 0.47265625 0.04296875 0.046875
1 0.669921875 0.5234375 0.04296875 0.0625
0 0.78125 0.197265625 0.046875 0.12109375
1 0.7734375 0.18359375 0.0234375 0.0625
1 0.45703125 0.013671875 0.046875 0.01953125
1 0.9921875 0.05078125 0.015625 0.03125
1 0.892578125 0.01171875 0.04296875 0.015625
1 0.98828125 0.248046875 0.0234375 0.12109375
