1 0.11356155365371955 0.8932980599647266 0.041474654377880185 0.03350970017636684
0 0.15701119157340354 0.9052028218694885 0.1823568136932192 0.18959435626102292
1 0.24588545095457537 0.876984126984127 0.037524687294272545 0.04144620811287478
1 0.3768926925608953 0.1882716049382716 0.03225806451612903 0.04673721340388007
1 0.3469387755102041 0.1415343915343915 0.03554970375246873 0.03968253968253968
1 0.2847267939433838 0.23721340388007053 0.04805793285055958 0.047619047619047616
1 0.29196840026333115 0.3403880070546737 0.0467412771560237 0.03350970017636684
1 0.25378538512179066 0.0291005291005291 0.04542462146148782 0.042328042328042326
0 0.06714944042132982 0.017195767195767195 0.025016458196181698 0.03262786596119929
1 0.0618828176431863 0.015873015873015872 0.009216589861751152 0.019400352733686066
1 0.04377880184331797 0.164021164021164 0.08624094799210007 0.08465608465608465
1 0.07472021066491112 0.2667548500881834 0.065174456879526 0.07319223985890652
1 0.032587228439763 0.5692239858906525 0.06385780118499013 0.06790123456790123
1 0.050032916392363395 0.6322751322751322 0.05793285055957867 0.054673721340388004
1 0.21033574720210663 0.623015873015873 0.04542462146148782 0.036155202821869487
1 0.4048716260697827 0.6397707231040564 0.06319947333772219 0.06790123456790123
1 0.46445029624753126 0.568342151675485 0.025674786043449638 0.03439153439153439
1 0.5207373271889401 0.31834215167548496 0.02106649111257406 0.014109347442680775
1 0.4061882817643186 0.2447089947089947 0.02238314680710994 0.030864197530864196
1 0.29723502304147464 0.08245149911816578 0.015141540487162606 0.018518518518518517
1 0.28933508887425935 0.017195767195767195 0.026991441737985514 0.03262786596119929
1 0.4542462146148782 0.29056437389770723 0.02238314680710994 0.0291005291005291
0 0.5003291639236339 0.2971781305114638 0.06451612903225806 0.09876543209876543
0 0.5309414088215931 0.38580246913580246 0.057274522712310726 0.06084656084656084
0 0.5668202764976958 0.33112874779541446 0.06583278472679394 0.082010582010582
1 0.5921658986175115 0.4228395061728395 0.029624753127057275 0.030864197530864196
1 0.5533245556287031 0.582010582010582 0.04410796576695194 0.0582010582010582
1 0.5947992100065832 0.5846560846560847 0.03225806451612903 0.047619047619047616
1 0.6254114549045424 0.597442680776014 0.01974983541803818 0.06261022927689594
1 0.6642527978933509 0.4907407407407407 0.025016458196181698 0.03791887125220458
1 0.6036866359447004 0.15299823633156967 0.046082949308755755 0.06261022927689594
1 0.6494404213298223 0.16269841269841268 0.041474654377880185 0.04497354497354497
1 0.6724818959842 0.20811287477954143 0.03357472021066491 0.042328042328042326
1 0.6389071757735352 0.23192239858906524 0.03357472021066491 0.06349206349206349
1 0.6339697169190256 0.3800705467372134 0.04476629361421988 0.031746031746031744
1 0.9177090190915075 0.21252204585537918 0.031599736668861095 0.03350970017636684
1 0.9641211323238973 0.3655202821869488 0.04805793285055958 0.04497354497354497
1 0.9634628044766294 0.025573192239858905 0.03489137590520079 0.04409171075837742
1 0.8222514812376563 0.09788359788359788 0.04081632653061224 0.019400352733686066
1 0.814680710994075 0.5185185185185185 0.05595786701777485 0.03880070546737213
1 0.9914417379855167 0.7583774250440917 0.017116524028966424 0.06525573192239859
1 0.945029624753127 0.9770723104056437 0.021724818959842 0.042328042328042326
1 0.837063857801185 0.9572310405643738 0.057274522712310726 0.06261022927689594
1 0.7340355497037524 0.9819223985890652 0.027649769585253454 0.036155202821869487
1 0.7136273864384464 0.9122574955908289 0.03291639236339697 0.05555555555555555
1 0.6603028308097432 0.7954144620811288 0.04081632653061224 0.037037037037037035
1 0.7356813693219223 0.5692239858906525 0.02040816326530612 0.013227513227513227
0 0.7366688610928241 0.6071428571428571 0.0987491770901909 0.09964726631393298
0 0.9707044107965767 0.5246913580246914 0.058591178406846606 0.09171075837742504
1 0.9914417379855167 0.49823633156966485 0.013166556945358787 0.015873015873015872
1 0.29526003949967083 0.8606701940035273 0.03225806451612903 0.04585537918871252
1 0.3235681369321922 0.9228395061728395 0.03094140882159315 0.04497354497354497
1 0.6155365371955234 0.8293650793650793 0.0618828176431863 0.06084656084656084
1 0.8117182356813692 0.6688712522045855 0.01974983541803818 0.023809523809523808
1 0.5727452271231073 0.9757495590828924 0.03423304805793285 0.048500881834215165
1 0.4680710994075049 0.9131393298059964 0.05529953917050691 0.04673721340388007
1 0.08294930875576037 0.7636684303350969 0.015799868334430547 0.04409171075837742
1 0.3459512837393022 0.7407407407407407 0.023041474654377878 0.02292768959435626
