1 0.40111329404060253 0.5788546255506608 0.03339882121807466 0.019383259911894275
1 0.37393582187295354 0.5211453744493393 0.0091683038637852 0.018502202643171806
0 0.37328094302554027 0.513215859030837 0.01440733464309103 0.039647577092511016
1 0.370988867059594 0.6030837004405286 0.036018336607727575 0.03612334801762115
1 0.2701375245579568 0.5039647577092511 0.0137524557956778 0.024669603524229075
0 0.2701375245579568 0.49471365638766523 0.0137524557956778 0.039647577092511016
0 0.2727570399476097 0.5493392070484582 0.021611001964636542 0.02731277533039648
1 0.2200392927308448 0.5466960352422908 0.020956123117223315 0.04140969162995595
1 0.2174197773411919 0.5854625550660794 0.022265880812049773 0.039647577092511016
1 0.28912901113294043 0.7030837004405287 0.028159790438768827 0.05991189427312776
1 0.010478061558611657 0.10616740088105728 0.019646365422396856 0.043171806167400885
1 0.049443352979698756 0.12643171806167403 0.039947609692206947 0.03612334801762115
1 0.09888670595939751 0.14625550660792952 0.03274394237066143 0.03876651982378855
1 0.049443352979698756 0.21145374449339208 0.036018336607727575 0.04405286343612335
1 0.054027504911591355 0.3762114537444934 0.0320890635232482 0.04405286343612335
1 0.030779305828421744 0.4273127753303965 0.0275049115913556 0.04052863436123348
1 0.2583497053045187 0.03171806167400881 0.029469548133595286 0.04581497797356828
1 0.362475442043222 0.019823788546255508 0.01768172888015717 0.03788546255506608
1 0.3873608382449247 0.018061674008810574 0.015062213490504257 0.034361233480176216
1 0.38801571709233795 0.07797356828193833 0.0137524557956778 0.051982378854625554
1 0.4918140144073347 0.053744493392070485 0.017026850032743943 0.033480176211453744
1 0.48002619515389655 0.12643171806167403 0.0091683038637852 0.016740088105726872
1 0.26227897838899805 0.18898678414096917 0.03732809430255403 0.044933920704845816
1 0.24918140144073347 0.23436123348017623 0.020301244269810087 0.028193832599118944
1 0.3055009823182711 0.20969162995594715 0.04649639816633923 0.0775330396475771
1 0.34675834970530456 0.2198237885462555 0.0412573673870334 0.06607929515418502
1 0.2701375245579568 0.3052863436123348 0.01768172888015717 0.02907488986784141
1 0.14374590700720366 0.5123348017621145 0.029469548133595286 0.02731277533039648
1 0.137524557956778 0.56784140969163 0.020956123117223315 0.050220264317180616
1 0.4027504911591356 0.3770925110132159 0.023575638506876228 0.03524229074889868
1 0.3994760969220694 0.260352422907489 0.031434184675834975 0.02907488986784141
1 0.49803536345776034 0.19691629955947137 0.020301244269810087 0.05550660792951542
1 0.5674525212835626 0.1973568281938326 0.020301244269810087 0.012334801762114538
1 0.4332023575638507 0.29955947136563876 0.03732809430255403 0.028193832599118944
1 0.32612966601178783 0.29691629955947135 0.04191224623444663 0.04757709251101322
1 0.5245579567779961 0.2916299559471366 0.0183366077275704 0.05110132158590309
1 0.4348395546823838 0.3814977973568282 0.02619515389652914 0.02290748898678414
0 0.43876882776686316 0.3947136563876652 0.022265880812049773 0.06167400881057269
1 0.23510150622134907 0.6612334801762115 0.017026850032743943 0.025550660792951544
1 0.22167648984937788 0.7255506607929516 0.009823182711198428 0.02907488986784141
1 0.17747216764898494 0.7669603524229075 0.011787819253438114 0.007929515418502203
0 0.18041912246234448 0.7634361233480177 0.025540275049115914 0.02907488986784141
1 0.1552062868369352 0.7854625550660793 0.023575638506876228 0.03788546255506608
1 0.30419122462344467 0.9656387665198238 0.0137524557956778 0.028193832599118944
1 0.40209561231172236 0.8859030837004406 0.03274394237066143 0.06255506607929516
1 0.4649639816633923 0.4083700440528635 0.02881466928618206 0.02026431718061674
1 0.5029469548133596 0.5083700440528635 0.05239030779305828 0.02643171806167401
1 0.5527177472167649 0.4590308370044053 0.047151277013752456 0.02643171806167401
1 0.5681074001309758 0.4101321585903084 0.028159790438768827 0.044933920704845816
1 0.5900458415193189 0.37136563876651985 0.0183366077275704 0.039647577092511016
1 0.6303208906352326 0.2550660792951542 0.0320890635232482 0.050220264317180616
1 0.6365422396856582 0.2947136563876652 0.022265880812049773 0.02731277533039648
1 0.5982318271119843 0.31894273127753303 0.020301244269810087 0.03876651982378855
1 0.5726915520628684 0.5519823788546255 0.025540275049115914 0.02026431718061674
1 0.5432220039292731 0.6832599118942732 0.022920759659463 0.034361233480176216
1 0.548461034708579 0.7167400881057269 0.021611001964636542 0.030837004405286344
1 0.7180746561886051 0.08325991189427313 0.016371971185330715 0.034361233480176216
1 0.7760314341846759 0.05814977973568282 0.015717092337917488 0.028193832599118944
0 0.7806155861165684 0.035682819383259914 0.020956123117223315 0.05550660792951542
0 0.7721021611001965 0.09030837004405287 0.02881466928618206 0.03259911894273128
1 0.7865094957432875 0.15462555066079295 0.0183366077275704 0.048458149779735685
1 0.7753765553372627 0.18678414096916302 0.01309757694826457 0.05110132158590309
1 0.797969875573019 0.23612334801762117 0.025540275049115914 0.06872246696035243
1 0.823510150622135 0.17973568281938326 0.01768172888015717 0.05462555066079296
1 0.9721676489849378 0.3022026431718062 0.015062213490504257 0.0828193832599119
1 0.9875573018991487 0.2555066079295154 0.017026850032743943 0.0722466960352423
1 0.8742632612966601 0.015859030837004406 0.0183366077275704 0.02995594713656388
0 0.7085789129011133 0.21629955947136564 0.03536345776031434 0.07665198237885464
1 0.7468893254747871 0.27268722466960355 0.02423051735428946 0.016740088105726872
1 0.7773411918795023 0.2647577092511013 0.034053700065487885 0.03259911894273128
1 0.756385068762279 0.3079295154185022 0.024885396201702686 0.018502202643171806
1 0.8303863785199739 0.31541850220264317 0.030124426981008513 0.05814977973568282
1 0.8172888015717092 0.3541850220264317 0.0183366077275704 0.05462555066079296
1 0.8821218074656189 0.33348017621145376 0.0183366077275704 0.051982378854625554
1 0.7812704649639817 0.40572687224669607 0.024885396201702686 0.03612334801762115
1 0.756385068762279 0.4233480176211454 0.022265880812049773 0.03259911894273128
1 0.6263916175507531 0.45418502202643174 0.021611001964636542 0.044933920704845816
1 0.6846758349705305 0.5026431718061675 0.01768172888015717 0.02731277533039648
0 0.6872953503601834 0.49471365638766523 0.04518664047151277 0.053744493392070485
0 0.7550753110674525 0.4462555066079295 0.024885396201702686 0.07488986784140969
0 0.6981008513425017 0.43436123348017625 0.031434184675834975 0.05286343612334802
0 0.7236411263916176 0.4013215859030837 0.02881466928618206 0.05726872246696035
0 0.7308447937131631 0.4669603524229075 0.020956123117223315 0.05638766519823789
0 0.7904387688277669 0.5092511013215859 0.040602488539620174 0.0881057268722467
1 0.7950229207596595 0.541409691629956 0.02619515389652914 0.01497797356828194
1 0.8254747871643746 0.541409691629956 0.015062213490504257 0.03612334801762115
1 0.9161755075311068 0.507488986784141 0.015717092337917488 0.06343612334801763
0 0.8349705304518664 0.3973568281938326 0.0275049115913556 0.03171806167400881
1 0.9590700720366733 0.5718061674008811 0.01899148657498363 0.05638766519823789
1 0.9158480681074002 0.6035242290748899 0.01899148657498363 0.021145374449339206
1 0.9076620825147348 0.6255506607929515 0.01440733464309103 0.02643171806167401
1 0.7285527177472167 0.5488986784140969 0.020301244269810087 0.024669603524229075
0 0.7134905042567126 0.5277533039647577 0.022920759659463 0.02995594713656388
1 0.7098886705959397 0.5334801762114537 0.01309757694826457 0.016740088105726872
1 0.6578258022265882 0.5656387665198238 0.021611001964636542 0.024669603524229075
1 0.5602488539620171 0.8202643171806168 0.025540275049115914 0.06343612334801763
1 0.5749836280288146 0.9541850220264317 0.022265880812049773 0.019383259911894275
1 0.5965946299934513 0.7744493392070485 0.0183366077275704 0.04757709251101322
1 0.6159135559921415 0.8400881057268723 0.01768172888015717 0.03612334801762115
1 0.6643745907007204 0.5982378854625551 0.0320890635232482 0.03171806167400881
1 0.6938441388343157 0.6317180616740088 0.0137524557956778 0.033480176211453744
1 0.7665356908971841 0.5682819383259912 0.058284217419777344 0.02643171806167401
1 0.7442698100851343 0.6 0.04649639816633923 0.03171806167400881
1 0.7845448592010479 0.6237885462555066 0.0183366077275704 0.021145374449339206
1 0.8025540275049117 0.6004405286343613 0.036018336607727575 0.02026431718061674
1 0.8369351669941061 0.5832599118942732 0.019646365422396856 0.04229074889867841
1 0.8343156516044532 0.6475770925110133 0.02619515389652914 0.06343612334801763
1 0.9099541584806811 0.720704845814978 0.020301244269810087 0.04405286343612335
1 0.9616895874263262 0.8837004405286344 0.02423051735428946 0.03171806167400881
1 0.9882121807465619 0.86784140969163 0.022265880812049773 0.03876651982378855
1 0.9466273739358219 0.9647577092511014 0.022920759659463 0.02643171806167401
1 0.8123772102161101 0.9127753303964758 0.03339882121807466 0.05110132158590309
1 0.13228552717747216 0.4718061674008811 0.0275049115913556 0.05903083700440529
0 0.12278978388998035 0.473568281938326 0.08055009823182711 0.2140969162995595
1 0.6741977734119188 0.8180616740088106 0.0137524557956778 0.02026431718061674
1 0.7534381139489195 0.7744493392070485 0.049115913555992145 0.033480176211453744
1 0.7603143418467584 0.745374449339207 0.0091683038637852 0.019383259911894275
1 0.7815979043876883 0.7607929515418502 0.015062213490504257 0.02731277533039648
1 0.8077930582842174 0.7669603524229075 0.021611001964636542 0.02731277533039648
0 0.6814014407334643 0.8290748898678414 0.029469548133595286 0.033480176211453744
0 0.7406679764243616 0.8669603524229075 0.053700065487884745 0.04757709251101322
0 0.7262606417812705 0.822466960352423 0.0366732154551408 0.039647577092511016
0 0.7023575638506877 0.8488986784140969 0.025540275049115914 0.03788546255506608
0 0.7023575638506877 0.9101321585903084 0.062213490504256716 0.04229074889867841
1 0.7049770792403406 0.9748898678414097 0.02423051735428946 0.043171806167400885
1 0.7514734774066798 0.9894273127753305 0.021611001964636542 0.021145374449339206
1 0.5147347740667977 0.9599118942731278 0.017026850032743943 0.018502202643171806
1 0.9043876882776687 0.01762114537444934 0.017026850032743943 0.033480176211453744
1 0.1741977734119188 0.19251101321585903 0.03274394237066143 0.044933920704845816
