0 0.3021108179419525 0.47435897435897434 0.21635883905013192 0.17064544650751545
1 0.38984168865435354 0.5335985853227232 0.039577836411609495 0.04686118479221927
0 0.3812664907651715 0.15959328028293546 0.18337730870712401 0.21131741821396993
1 0.425131926121372 0.22723253757736514 0.07058047493403694 0.0671971706454465
0 0.23746701846965698 0.02564102564102564 0.08311345646437994 0.04951370468611847
1 0.2608839050131926 0.016357206012378424 0.036279683377308705 0.022104332449160033
1 0.10224274406332454 0.016357206012378424 0.040897097625329816 0.030946065428824047
1 0.035620052770448545 0.11184792219274978 0.0633245382585752 0.052166224580017684
1 0.19228232189973615 0.07824933687002653 0.044195250659630606 0.06100795755968169
1 0.4139182058047493 0.020335985853227233 0.048153034300791556 0.03890362511052166
1 0.5293535620052771 0.08399646330680813 0.012532981530343008 0.024756852343059237
1 0.5385883905013192 0.129973474801061 0.03496042216358839 0.03713527851458886
1 0.5217678100263852 0.24491600353669318 0.03825857519788918 0.03713527851458886
0 0.566622691292876 0.29531388152077803 0.06860158311345646 0.060123784261715295
1 0.5629947229551451 0.30194518125552605 0.013852242744063324 0.011494252873563218
1 0.6246701846965699 0.3258178603006189 0.036939313984168866 0.015030946065428824
1 0.39775725593667544 0.29089301503094606 0.047493403693931395 0.040671971706454466
1 0.412598944591029 0.383289124668435 0.04287598944591029 0.07869142351900972
1 0.2559366754617414 0.34703801945181256 0.08047493403693931 0.0645446507515473
1 0.6259894459102903 0.10654288240495137 0.035620052770448545 0.04686118479221927
1 0.7242744063324538 0.040671971706454466 0.025065963060686015 0.024756852343059237
1 0.7222955145118733 0.08930150309460654 0.010554089709762533 0.014146772767462422
1 0.7955145118733509 0.04774535809018567 0.043535620052770445 0.030061892130857647
1 0.7671503957783641 0.12201591511936338 0.02638522427440633 0.044208664898320066
1 0.8591688654353562 0.10521662245800176 0.008575197889182058 0.022988505747126436
1 0.8031002638522428 0.17152961980548187 0.052110817941952506 0.03890362511052166
1 0.8931398416886543 0.2617152961980548 0.048812664907651716 0.03536693191865606
1 0.9633905013192612 0.27586206896551724 0.03759894459102902 0.03713527851458886
1 0.962730870712401 0.35720601237842614 0.028364116094986805 0.02652519893899204
0 0.9656992084432717 0.36693191865605657 0.039577836411609495 0.04951370468611847
1 0.04551451187335092 0.5384615384615384 0.08970976253298153 0.05835543766578249
1 0.8601583113456464 0.5106100795755968 0.039577836411609495 0.09814323607427056
1 0.9472295514511873 0.4478337754199823 0.013192612137203165 0.055702917771883284
1 0.8380606860158311 0.5804597701149425 0.017810026385224272 0.034482758620689655
1 0.9089709762532981 0.6794871794871794 0.040897097625329816 0.05039787798408488
1 0.9686675461741424 0.8554376657824934 0.06134564643799472 0.06984969053934571
1 0.4175461741424802 0.7126436781609196 0.07124010554089709 0.061892130857648095
1 0.3169525065963061 0.7294429708222812 0.07058047493403694 0.044208664898320066
1 0.18370712401055408 0.737842617152962 0.09036939313984169 0.0680813439434129
1 0.10059366754617415 0.7135278514588859 0.03496042216358839 0.022988505747126436
1 0.061015831134564644 0.7975243147656941 0.048153034300791556 0.021220159151193633
1 0.4693271767810026 0.8284703801945181 0.03496042216358839 0.03890362511052166
1 0.7236147757255936 0.6441202475685234 0.036939313984168866 0.03801945181255526
0 0.7361477572559366 0.6556145004420866 0.05013192612137203 0.05039787798408488
1 0.8367414248021108 0.759946949602122 0.02308707124010554 0.022104332449160033
1 0.3937994722955145 0.9332449160035367 0.10158311345646438 0.08576480990274093
1 0.03529023746701847 0.8598585322723253 0.03891820580474934 0.03801945181255526
1 0.09960422163588391 0.9182139699381078 0.025065963060686015 0.015030946065428824
0 0.12236147757255936 0.9146772767462422 0.10883905013192612 0.09637488947833775
1 0.13093667546174143 0.5738284703801945 0.03759894459102902 0.03183023872679045
1 0.013192612137203165 0.7630415561450044 0.025065963060686015 0.02652519893899204
1 0.14445910290237465 0.9933687002652519 0.036939313984168866 0.01326259946949602
1 0.5253957783641161 0.9946949602122015 0.02308707124010554 0.010610079575596816
0 0.021437994722955146 0.8364279398762157 0.03891820580474934 0.061892130857648095
