1 0.5033112582781457 0.5981675392670157 0.05562913907284768 0.1055846422338569
1 0.6158940397350994 0.48080279232111695 0.03576158940397351 0.04886561954624782
1 0.769205298013245 0.28272251308900526 0.0576158940397351 0.038394415357766144
1 0.8231788079470199 0.174956369982548 0.03576158940397351 0.030541012216404886
0 0.8880794701986755 0.3612565445026178 0.046357615894039736 0.05235602094240838
1 0.8781456953642384 0.3507853403141361 0.017218543046357615 0.022687609075043632
0 0.8745033112582782 0.6697207678883071 0.04437086092715232 0.06719022687609075
1 0.8834437086092716 0.6636125654450262 0.02119205298013245 0.0549738219895288
1 0.7543046357615893 0.6025305410122164 0.039735099337748346 0.028795811518324606
1 0.45761589403973507 0.6880453752181501 0.025165562913907286 0.02006980802792321
1 0.06986754966887417 0.7918848167539267 0.041721854304635764 0.053228621291448515
0 0.2728476821192053 0.5654450261780105 0.031788079470198675 0.038394415357766144
1 0.19039735099337748 0.4668411867364747 0.015231788079470199 0.03315881326352531
1 0.024834437086092714 0.28970331588132636 0.02052980132450331 0.029668411867364748
1 0.009933774834437087 0.31413612565445026 0.018543046357615896 0.031413612565445025
1 0.20695364238410596 0.18193717277486912 0.02185430463576159 0.04973821989528796
1 0.38112582781456955 0.0924956369982548 0.017880794701986755 0.027923211169284468
1 0.2990066225165563 0.22600349040139617 0.029801324503311258 0.029668411867364748
1 0.1890728476821192 0.3795811518324607 0.012582781456953643 0.04886561954624782
1 0.07450331125827815 0.5082897033158813 0.023178807947019868 0.03228621291448517
1 0.6427152317880794 0.06631762652705062 0.02847682119205298 0.04363001745200698
1 0.8986754966887417 0.550174520069808 0.013245033112582781 0.034031413612565446
1 0.2099337748344371 0.5305410122164049 0.02913907284768212 0.029668411867364748
1 0.27516556291390726 0.5628272251308901 0.015231788079470199 0.019197207678883072
