1 0.32149901380670615 0.11173708920187793 0.024983563445101907 0.03004694835680751
1 0.3454963839579224 0.2328638497652582 0.02958579881656805 0.020657276995305163
1 0.36719263642340566 0.4868544600938967 0.040105193951347796 0.03286384976525822
1 0.42373438527284685 0.5779342723004695 0.04404996712689021 0.0215962441314554
1 0.4017094017094017 0.684037558685446 0.03155818540433925 0.03286384976525822
1 0.42044707429322814 0.10469483568075118 0.04142011834319527 0.03286384976525822
0 0.43754109138724523 0.10657276995305164 0.0611439842209073 0.09295774647887324
1 0.7577251808021039 0.7291079812206572 0.023011176857330704 0.012206572769953052
0 0.777449046679816 0.7356807511737089 0.05982905982905983 0.04037558685446009
1 0.651216305062459 0.8671361502347418 0.015121630506245891 0.023474178403755867
1 0.6877054569362262 0.8370892018779342 0.08941485864562788 0.08732394366197183
1 0.8957922419460882 0.8394366197183099 0.023011176857330704 0.03568075117370892
0 0.9381985535831691 0.7816901408450704 0.11308349769888232 0.15492957746478872
0 0.9612097304404997 0.612206572769953 0.024983563445101907 0.04507042253521126
1 0.1433267587113741 0.01596244131455399 0.024983563445101907 0.03004694835680751
1 0.011176857330703486 0.09061032863849765 0.0210387902695595 0.03474178403755868
1 0.07330703484549639 0.19483568075117372 0.02958579881656805 0.023474178403755867
1 0.12820512820512822 0.08591549295774648 0.01972386587771203 0.036619718309859155
1 0.03254437869822485 0.19530516431924883 0.04142011834319527 0.03380281690140845
1 0.1614069690992768 0.16291079812206571 0.02958579881656805 0.044131455399061034
1 0.13280736357659434 0.2248826291079812 0.015779092702169626 0.01784037558685446
1 0.21893491124260356 0.176056338028169 0.02235371466140697 0.012206572769953052
1 0.25641025641025644 0.038497652582159626 0.02366863905325444 0.03192488262910798
1 0.3438527284681131 0.12065727699530517 0.014464168310322156 0.014084507042253521
1 0.5460223537146615 0.168075117370892 0.032215647600262985 0.02629107981220657
1 0.5729783037475346 0.18732394366197183 0.03090072320841552 0.03286384976525822
1 0.6275476660092045 0.18826291079812207 0.023011176857330704 0.0215962441314554
1 0.7084155161078238 0.18873239436619718 0.020381328073635768 0.024413145539906103
0 0.7143326758711375 0.19014084507042253 0.02958579881656805 0.03474178403755868
1 0.6229454306377383 0.32300469483568073 0.013806706114398423 0.013145539906103286
1 0.5900723208415516 0.3436619718309859 0.023011176857330704 0.009389671361502348
0 0.6291913214990138 0.33568075117370894 0.028928336620644313 0.04037558685446009
1 0.6541748849441158 0.32300469483568073 0.02366863905325444 0.02629107981220657
0 0.3902038132807364 0.3018779342723005 0.06771860618014465 0.03286384976525822
0 0.45890861275476663 0.7727699530516432 0.05522682445759369 0.028169014084507043
0 0.3803418803418804 0.8230046948356807 0.05982905982905983 0.04976525821596244
0 0.11867192636423406 0.9718309859154929 0.03353057199211046 0.056338028169014086
0 0.037146614069691 0.44553990610328637 0.025641025641025644 0.029107981220657275
1 0.2899408284023669 0.27511737089201876 0.030243261012491782 0.020657276995305163
1 0.22879684418145957 0.28169014084507044 0.014464168310322156 0.039436619718309855
1 0.10059171597633136 0.29295774647887324 0.013149243918474688 0.02253521126760563
1 0.11341222879684419 0.3169014084507042 0.021696252465483234 0.019718309859154928
1 0.06410256410256411 0.3755868544600939 0.025641025641025644 0.020657276995305163
1 0.01545036160420776 0.355868544600939 0.009861932938856016 0.018779342723004695
1 0.7767915844838922 0.10422535211267606 0.04930966469428008 0.039436619718309855
1 0.8783694937541092 0.0460093896713615 0.03287310979618672 0.046948356807511735
1 0.9526627218934912 0.010328638497652582 0.03418803418803419 0.018779342723004695
1 0.9582511505588429 0.053051643192488264 0.040105193951347796 0.03286384976525822
1 0.9454306377383301 0.107981220657277 0.04602235371466141 0.05070422535211268
1 0.7853385930309008 0.15070422535211267 0.025641025641025644 0.019718309859154928
1 0.6216305062458909 0.26150234741784034 0.01643655489809336 0.027230046948356807
1 0.44181459566074954 0.22816901408450704 0.024983563445101907 0.028169014084507043
1 0.2675871137409599 0.3699530516431925 0.015779092702169626 0.03568075117370892
1 0.17455621301775148 0.45774647887323944 0.03090072320841552 0.0215962441314554
1 0.09894806048652204 0.4525821596244131 0.02827087442472058 0.02253521126760563
1 0.020710059171597635 0.4835680751173709 0.01775147928994083 0.02253521126760563
1 0.07330703484549639 0.5671361502347417 0.047994740302432615 0.03380281690140845
1 0.1193293885601578 0.5544600938967136 0.025641025641025644 0.01596244131455399
0 0.12721893491124261 0.5525821596244131 0.03879026955950033 0.023474178403755867
0 0.1985535831689678 0.5774647887323944 0.03418803418803419 0.10140845070422536
1 0.19099276791584485 0.6173708920187794 0.008547008547008548 0.01784037558685446
1 0.8017751479289941 0.9286384976525821 0.03090072320841552 0.04507042253521126
1 0.7383300460223537 0.9492957746478873 0.03550295857988166 0.024413145539906103
1 0.9888231426692966 0.5173708920187793 0.02235371466140697 0.03004694835680751
1 0.9579224194608811 0.2328638497652582 0.03550295857988166 0.05821596244131455
1 0.8136094674556213 0.3455399061032864 0.04667981591058514 0.04131455399061033
1 0.695595003287311 0.40281690140845067 0.026298487836949377 0.016901408450704224
1 0.6653517422748192 0.4352112676056338 0.024983563445101907 0.027230046948356807
1 0.428336620644313 0.4323943661971831 0.02827087442472058 0.023474178403755867
1 0.35798816568047337 0.5483568075117371 0.0190664036817883 0.02629107981220657
1 0.32084155161078237 0.5488262910798122 0.036817882971729124 0.038497652582159626
1 0.2445759368836292 0.5098591549295775 0.014464168310322156 0.018779342723004695
1 0.27317554240631164 0.4051643192488263 0.015121630506245891 0.010328638497652582
1 0.21663379355687049 0.7 0.023011176857330704 0.023474178403755867
1 0.14661406969099278 0.6957746478873239 0.026298487836949377 0.02253521126760563
1 0.09040105193951348 0.6981220657276995 0.023011176857330704 0.02535211267605634
1 0.11604207758053912 0.6981220657276995 0.021696252465483234 0.027230046948356807
1 0.08053911900065747 0.7314553990610329 0.037475345167652864 0.03192488262910798
1 0.2084155161078238 0.751643192488263 0.024983563445101907 0.06666666666666667
1 0.31065088757396453 0.7568075117370892 0.034845496383957925 0.02629107981220657
1 0.52465483234714 0.7084507042253521 0.04339250493096647 0.03286384976525822
1 0.6923076923076923 0.5577464788732395 0.024983563445101907 0.028169014084507043
1 0.6936226166995398 0.5863849765258216 0.026298487836949377 0.01784037558685446
1 0.6719263642340566 0.57981220657277 0.014464168310322156 0.019718309859154928
1 0.6729125575279422 0.5605633802816902 0.013806706114398423 0.015023474178403756
1 0.8379355687047995 0.639906103286385 0.024326101249178174 0.036619718309859155
1 0.6574621959237344 0.6464788732394366 0.036817882971729124 0.038497652582159626
1 0.5309007232084155 0.7924882629107981 0.0190664036817883 0.011267605633802816
1 0.5874424720578567 0.7089201877934272 0.02695595003287311 0.016901408450704224
1 0.6019066403681789 0.7957746478873239 0.02827087442472058 0.01784037558685446
1 0.5677186061801447 0.8535211267605634 0.02695595003287311 0.020657276995305163
1 0.6515450361604208 0.9192488262910798 0.042077580539119 0.04507042253521126
1 0.710387902695595 0.739906103286385 0.01775147928994083 0.03192488262910798
1 0.3740959894806049 0.8901408450704225 0.0210387902695595 0.03192488262910798
1 0.39612097304405 0.9131455399061033 0.032215647600262985 0.019718309859154928
1 0.2504930966469428 0.9812206572769953 0.030243261012491782 0.03004694835680751
1 0.27284681130834976 0.8643192488262911 0.01972386587771203 0.030985915492957747
1 0.02366863905325444 0.8446009389671362 0.03944773175542406 0.038497652582159626
1 0.07264957264957266 0.8389671361502348 0.025641025641025644 0.030985915492957747
1 0.07034845496383958 0.892018779342723 0.018408941485864562 0.02629107981220657
1 0.017422748191978962 0.923943661971831 0.021696252465483234 0.028169014084507043
1 0.04602235371466141 0.9835680751173709 0.026298487836949377 0.023474178403755867
0 0.5098619329388561 0.5990610328638497 0.03090072320841552 0.04507042253521126
1 0.7481919789612098 0.1807511737089202 0.027613412228796846 0.023474178403755867
1 0.8994082840236687 0.684037558685446 0.024983563445101907 0.03474178403755868
0 0.9089414858645628 0.6751173708920187 0.05325443786982249 0.04131455399061033
1 0.03879026955950033 0.44741784037558685 0.006574621959237344 0.006572769953051643
