0 0.09512837393021724 0.1656387665198238 0.04279131007241606 0.11806167400881058
0 0.07801184990125082 0.4572687224669604 0.05464121132323897 0.1303964757709251
0 0.49374588545095455 0.2378854625550661 0.031599736668861095 0.13392070484581498
0 0.7475312705727452 0.15682819383259913 0.040157998683344305 0.23436123348017623
0 0.608294930875576 0.7290748898678414 0.05398288347597103 0.1894273127753304
0 0.4312047399605003 0.5440528634361234 0.03686635944700461 0.14889867841409693
0 0.3186306780776827 0.5370044052863436 0.02238314680710994 0.06431718061674009
0 0.0944700460829493 0.7722466960352423 0.03489137590520079 0.06431718061674009
0 0.029624753127057275 0.9299559471365639 0.043449637919684 0.07665198237885464
0 0.04707044107965767 0.04008810572687225 0.038841342988808425 0.07841409691629957
1 0.34035549703752466 0.6792951541850221 0.02106649111257406 0.06167400881057269
1 0.21790651744568795 0.05418502202643172 0.017116524028966424 0.04140969162995595
1 0.14417379855167872 0.033480176211453744 0.03423304805793285 0.04229074889867841
1 0.08624094799210007 0.30616740088105726 0.02106649111257406 0.044933920704845816
1 0.1184990125082291 0.5656387665198238 0.015799868334430547 0.03876651982378855
1 0.08887425938117181 0.6145374449339207 0.031599736668861095 0.09955947136563877
1 0.04970375246872943 0.7537444933920705 0.04542462146148782 0.10484581497797357
1 0.11257406188281764 0.9154185022026432 0.03028308097432521 0.08458149779735682
1 0.1728110599078341 0.8317180616740089 0.040157998683344305 0.0828193832599119
1 0.19716919025674784 0.8524229074889869 0.017774851876234364 0.039647577092511016
1 0.22646477946017116 0.8691629955947137 0.03028308097432521 0.09427312775330397
1 0.25115207373271886 0.8713656387665198 0.023041474654377878 0.05110132158590309
1 0.3248847926267281 0.9462555066079296 0.025674786043449638 0.05286343612334802
1 0.31007241606319946 0.9026431718061675 0.014483212639894667 0.022026431718061675
1 0.37557603686635943 0.9154185022026432 0.023041474654377878 0.05638766519823789
1 0.46050032916392364 0.9022026431718062 0.03094140882159315 0.05814977973568282
1 0.2778143515470704 0.7022026431718063 0.025016458196181698 0.05638766519823789
1 0.2876892692560895 0.7806167400881058 0.015799868334430547 0.028193832599118944
1 0.17544437129690585 0.4524229074889868 0.03094140882159315 0.048458149779735685
1 0.25148123765635283 0.4748898678414097 0.03291639236339697 0.05462555066079296
1 0.25148123765635283 0.40484581497797356 0.011849901250822909 0.043171806167400885
1 0.3156682027649769 0.3 0.023041474654377878 0.053744493392070485
1 0.33936800526662275 0.1828193832599119 0.03094140882159315 0.048458149779735685
1 0.4203423304805793 0.2118942731277533 0.017774851876234364 0.05550660792951542
1 0.24818959842001315 0.2933920704845815 0.01974983541803818 0.04581497797356828
1 0.2567478604344964 0.18986784140969165 0.014483212639894667 0.06079295154185022
1 0.4433838051349572 0.03259911894273128 0.03094140882159315 0.05814977973568282
1 0.48485845951283735 0.015418502202643172 0.013824884792626727 0.02907488986784141
1 0.4749835418038183 0.09295154185022027 0.013824884792626727 0.06079295154185022
1 0.5793285055957866 0.19118942731277533 0.051349572086899276 0.03524229074889868
1 0.5582620144832127 0.3475770925110132 0.028966425279789335 0.05726872246696035
1 0.5078999341672152 0.3933920704845815 0.03094140882159315 0.05903083700440529
1 0.49769585253456217 0.5696035242290749 0.014483212639894667 0.048458149779735685
1 0.5576036866359447 0.5356828193832599 0.028966425279789335 0.033480176211453744
1 0.46774193548387094 0.7004405286343612 0.025674786043449638 0.04229074889867841
1 0.5385121790651745 0.8198237885462556 0.025016458196181698 0.030837004405286344
1 0.6464779460171165 0.4039647577092511 0.01974983541803818 0.025550660792951544
1 0.663594470046083 0.4779735682819383 0.011849901250822909 0.03788546255506608
1 0.69486504279131 0.5493392070484582 0.012508229098090849 0.06255506607929516
1 0.5901909150757076 0.8171806167400881 0.016458196181698484 0.03788546255506608
1 0.684002633311389 0.7308370044052864 0.01974983541803818 0.043171806167400885
1 0.6247531270572745 0.7995594713656388 0.02106649111257406 0.039647577092511016
1 0.5724160631994734 0.9854625550660794 0.03489137590520079 0.02907488986784141
1 0.0934825543120474 0.9929515418502203 0.011849901250822909 0.014096916299559472
1 0.006912442396313364 0.8466960352422908 0.012508229098090849 0.019383259911894275
1 0.005924950625411454 0.7436123348017621 0.01053324555628703 0.04581497797356828
1 0.7139565503620803 0.8101321585903084 0.013824884792626727 0.03788546255506608
1 0.8308097432521395 0.9656387665198238 0.014483212639894667 0.04933920704845815
1 0.8071099407504937 0.8105726872246697 0.013166556945358787 0.028193832599118944
1 0.7432521395655036 0.7233480176211454 0.01974983541803818 0.04757709251101322
1 0.65174456879526 0.6436123348017622 0.02238314680710994 0.053744493392070485
1 0.8225806451612903 0.43480176211453747 0.021724818959842 0.06079295154185022
1 0.80348913759052 0.3193832599118943 0.037524687294272545 0.03788546255506608
1 0.8189598420013167 0.12555066079295155 0.013166556945358787 0.06784140969162995
1 0.9611586570111915 0.09162995594713656 0.02238314680710994 0.0775330396475771
1 0.97761685319289 0.22599118942731278 0.015799868334430547 0.05550660792951542
1 0.9578670177748518 0.37180616740088107 0.03554970375246873 0.06343612334801763
1 0.7837393021724819 0.4590308370044053 0.01119157340355497 0.03171806167400881
1 0.9028966425279789 0.7643171806167401 0.015141540487162606 0.02731277533039648
1 0.858459512837393 0.7057268722466961 0.03949967083607636 0.09162995594713656
1 0.9953917050691243 0.9026431718061675 0.009216589861751152 0.034361233480176216
1 0.9427254772876892 0.6171806167400882 0.017116524028966424 0.025550660792951544
1 0.8729427254772877 0.13215859030837004 0.02238314680710994 0.06343612334801763
1 0.9052007899934167 0.13392070484581498 0.015799868334430547 0.015859030837004406
1 0.9822251481237656 0.017180616740088108 0.02106649111257406 0.03259911894273128
1 0.80348913759052 0.008370044052863436 0.015141540487162606 0.01497797356828194
1 0.7314022383146807 0.5255506607929515 0.01974983541803818 0.034361233480176216
0 0.7975641869651086 0.5308370044052864 0.024358130348913758 0.048458149779735685
1 0.8377221856484529 0.5524229074889868 0.019091507570770244 0.06167400881057269
1 0.6846609611586569 0.8616740088105728 0.018433179723502304 0.05286343612334802
1 0.434167215273206 0.29955947136563876 0.021724818959842 0.07577092511013216
1 0.29493087557603687 0.07004405286343612 0.023699802501645818 0.05550660792951542
1 0.27748518762343644 0.09823788546255507 0.019091507570770244 0.05550660792951542
1 0.08426596445029624 0.13612334801762116 0.023699802501645818 0.051982378854625554
1 0.7564186965108624 0.20484581497797358 0.018433179723502304 0.13832599118942732
1 0.7366688610928241 0.1854625550660793 0.009216589861751152 0.043171806167400885
1 0.03818301514154049 0.9444933920704847 0.017116524028966424 0.03524229074889868
1 0.05069124423963133 0.06696035242290749 0.01974983541803818 0.024669603524229075
