1 0.1609724047306176 0.16003536693191864 0.09592641261498029 0.09372236958443854
0 0.18561103810775295 0.05083996463306808 0.10183968462549277 0.09991158267020335
1 0.34986859395532194 0.08090185676392572 0.04007884362680683 0.03801945181255526
1 0.3804204993429698 0.11140583554376657 0.04862023653088042 0.03890362511052166
1 0.6629434954007885 0.1794871794871795 0.030223390275952694 0.08664898320070734
1 0.6961235216819974 0.15605658709106984 0.019053876478318004 0.029177718832891244
0 0.6596583442838371 0.1268788682581786 0.09855453350854139 0.09637488947833775
1 0.7749671484888305 0.09151193633952254 0.025624178712220762 0.04686118479221927
1 0.8708935611038108 0.02652519893899204 0.02956636005256242 0.030061892130857647
1 0.9848883048620237 0.16003536693191864 0.01971090670170828 0.03713527851458886
1 0.985545335085414 0.1445623342175066 0.02890932982917214 0.0716180371352785
1 0.983245729303548 0.2497789566755084 0.030880420499342972 0.030946065428824047
1 0.8524967148488831 0.2608311229000884 0.012483574244415244 0.008841732979664015
0 0.8580814717477004 0.2541998231653404 0.04073587385019711 0.029177718832891244
1 0.8150459921156373 0.3183023872679045 0.02431011826544021 0.03183023872679045
1 0.8009198423127464 0.3620689655172414 0.030223390275952694 0.03978779840848806
1 0.6363337713534822 0.29266136162687884 0.042706964520367936 0.060123784261715295
1 0.5239816031537451 0.2595048629531388 0.03613666228646518 0.04332449160035367
1 0.07588699080157688 0.22988505747126436 0.017739816031537452 0.03183023872679045
1 0.06734559789750329 0.36958443854995576 0.028252299605781867 0.0671971706454465
1 0.1498028909329829 0.4969053934571176 0.035479632063074903 0.04774535809018567
0 0.06208935611038108 0.5636604774535808 0.1176084099868594 0.09991158267020335
1 0.020696452036793694 0.43059239610963745 0.04007884362680683 0.08488063660477453
1 0.23948751642575558 0.7524314765694076 0.013797634691195795 0.01768346595932803
0 0.23291721419185282 0.7055702917771883 0.10052562417871222 0.1273209549071618
1 0.06767411300919843 0.6847922192749779 0.01971090670170828 0.036251105216622455
1 0.15407358738501972 0.9836427939876216 0.020367936925098556 0.029177718832891244
1 0.5440210249671485 0.7497789566755083 0.024967148488830488 0.03183023872679045
1 0.7178055190538765 0.7771883289124668 0.059789750328515114 0.08488063660477453
1 0.8232588699080158 0.6038903625110521 0.017082785808147174 0.05305039787798408
1 0.9369250985545335 0.5030946065428824 0.03416557161629435 0.04597701149425287
0 0.7996057818659659 0.5760389036251105 0.02890932982917214 0.03271441202475685
1 0.802233902759527 0.5782493368700264 0.01314060446780552 0.01945181255526083
1 0.9067017082785809 0.7515473032714411 0.01971090670170828 0.03713527851458886
1 0.8998028909329829 0.8713527851458885 0.03745072273324573 0.055702917771883284
0 0.9448094612352168 0.735632183908046 0.09461235216819974 0.1927497789566755
0 0.9152431011826544 0.9226348364279399 0.07621550591327202 0.14058355437665782
1 0.6287779237844942 0.9885057471264367 0.06307490144546649 0.022988505747126436
1 0.38896189224704336 0.6591511936339522 0.01445466491458607 0.04686118479221927
1 0.4497371879106439 0.8072502210433244 0.049277266754270695 0.05481874447391689
1 0.5279237844940867 0.0716180371352785 0.022996057818659658 0.05128205128205128
1 0.2907358738501971 0.412024756852343 0.015111695137976347 0.042440318302387266
0 0.31340341655716164 0.4266136162687887 0.06438896189224705 0.10521662245800176
1 0.018725361366622863 0.9836427939876216 0.028252299605781867 0.03271441202475685
0 0.7444152431011827 0.6653404067197171 0.0735873850197109 0.09106984969053934
0 0.47536136662286466 0.601237842617153 0.025624178712220762 0.044208664898320066
