1 0.16556071665560718 0.03612334801762115 0.09754479097544791 0.06343612334801763
1 0.33211678832116787 0.03480176211453745 0.021897810218978103 0.03259911894273128
1 0.3613138686131387 0.0854625550660793 0.0338420703384207 0.04933920704845815
1 0.043132050431320505 0.06519823788546256 0.046449900464499004 0.04757709251101322
1 0.18944923689449236 0.18854625550660795 0.043132050431320505 0.03524229074889868
1 0.03151957531519575 0.31718061674008813 0.047113470471134705 0.03876651982378855
1 0.09887193098871931 0.3550660792951542 0.043795620437956206 0.03700440528634361
1 0.17418712674187126 0.3955947136563877 0.031187790311877902 0.028193832599118944
0 0.2541473125414731 0.2709251101321586 0.043795620437956206 0.03788546255506608
1 0.5039814200398142 0.04801762114537445 0.0457863304578633 0.02907488986784141
0 0.5371599203715992 0.07488986784140969 0.10948905109489052 0.12687224669603525
1 0.47113470471134705 0.2378854625550661 0.035832780358327807 0.04933920704845815
1 0.3301260783012608 0.3145374449339207 0.025879230258792303 0.03876651982378855
1 0.3855341738553417 0.36784140969163 0.043795620437956206 0.02731277533039648
1 0.49900464499004643 0.3273127753303965 0.0371599203715992 0.044933920704845816
1 0.6668878566688785 0.3651982378854626 0.047777040477770406 0.03259911894273128
0 0.6479761114797611 0.3409691629955947 0.08958195089581951 0.08634361233480177
1 0.7796947577969475 0.17400881057268724 0.039814200398142006 0.03788546255506608
1 0.7017252820172528 0.24669603524229075 0.05242203052422031 0.03171806167400881
1 0.822826808228268 0.29515418502202645 0.10086264100862641 0.07929515418502203
1 0.9153948241539482 0.45462555066079297 0.0378234903782349 0.04933920704845815
1 0.8735899137358991 0.5383259911894274 0.047113470471134705 0.033480176211453744
0 0.8414067684140677 0.494273127753304 0.11147976111479761 0.11982378854625551
1 0.37093563370935634 0.5577092511013216 0.05706702057067021 0.04581497797356828
0 0.340743198407432 0.5255506607929515 0.10550763105507631 0.11541850220264317
1 0.22959522229595222 0.5973568281938326 0.026542800265428004 0.03171806167400881
1 0.24187126741871268 0.5431718061674009 0.0205706702057067 0.02026431718061674
0 0.267750497677505 0.5801762114537445 0.0935633709356337 0.09427312775330397
1 0.21300597213005973 0.4647577092511013 0.027869940278699403 0.02907488986784141
1 0.06436629064366291 0.8991189427312776 0.030524220305242204 0.03259911894273128
0 0.07830126078301261 0.8533039647577093 0.0650298606502986 0.12951541850220266
1 0.15328467153284672 0.8185022026431719 0.05706702057067021 0.0881057268722467
1 0.2534837425348374 0.9185022026431718 0.042468480424684804 0.02731277533039648
1 0.28168546781685466 0.8986784140969163 0.031187790311877902 0.03171806167400881
1 0.2979429329794293 0.86784140969163 0.042468480424684804 0.04581497797356828
1 0.7538155275381553 0.6854625550660793 0.06901128069011281 0.06167400881057269
1 0.7113470471134705 0.5453744493392071 0.038487060384870604 0.033480176211453744
1 0.9190444591904446 0.7440528634361234 0.05706702057067021 0.05903083700440529
1 0.9223623092236231 0.5854625550660794 0.043795620437956206 0.044933920704845816
1 0.6572660915726609 0.6920704845814978 0.0378234903782349 0.02731277533039648
1 0.16157929661579296 0.6453744493392071 0.0338420703384207 0.046696035242290754
1 0.8271400132714001 0.9823788546255507 0.035169210351692105 0.02643171806167401
1 0.2979429329794293 0.9696035242290749 0.027869940278699403 0.016740088105726872
1 0.9717982747179827 0.9167400881057269 0.025879230258792303 0.03612334801762115
1 0.6645653616456536 0.032158590308370046 0.0364963503649635 0.02907488986784141
1 0.7076974120769741 0.033480176211453744 0.023224950232249502 0.024669603524229075
1 0.6516257465162575 0.00748898678414097 0.017252820172528202 0.013215859030837005
1 0.24552090245520902 0.27444933920704845 0.0079628400796284 0.006167400881057269
