1 0.07758053911900066 0.08643617021276595 0.042077580539119 0.016843971631205674
1 0.08875739644970415 0.013297872340425532 0.03287310979618672 0.024822695035460994
1 0.36620644312952005 0.00975177304964539 0.030243261012491782 0.017730496453900707
1 0.14365548980933596 0.08687943262411348 0.05193951347797502 0.02127659574468085
1 0.2215647600262985 0.11569148936170212 0.05522682445759369 0.027482269503546097
1 0.01545036160420776 0.16400709219858156 0.02958579881656805 0.06028368794326241
1 0.10092044707429323 0.16799645390070922 0.06245890861275477 0.025709219858156027
1 0.24621959237343854 0.15469858156028368 0.03353057199211046 0.023936170212765957
1 0.27514792899408286 0.1799645390070922 0.055884286653517426 0.044326241134751775
1 0.4211045364891519 0.03280141843971631 0.042735042735042736 0.03900709219858156
1 0.5118343195266273 0.015957446808510637 0.02958579881656805 0.01950354609929078
1 0.5039447731755424 0.11569148936170212 0.037475345167652864 0.027482269503546097
1 0.6377383300460224 0.04920212765957447 0.05391190006574622 0.038120567375886524
1 0.6913214990138068 0.08111702127659574 0.034845496383957925 0.04698581560283688
1 0.3510848126232742 0.07402482269503546 0.018408941485864562 0.016843971631205674
1 0.3928336620644313 0.1777482269503546 0.03879026955950033 0.016843971631205674
1 0.5128205128205129 0.18439716312056736 0.04339250493096647 0.024822695035460994
1 0.6308349769888232 0.16622340425531915 0.06640368178829717 0.015070921985815602
1 0.6456278763971072 0.19547872340425532 0.030243261012491782 0.034574468085106384
1 0.8139381985535832 0.06338652482269504 0.027613412228796846 0.018617021276595744
1 0.8757396449704142 0.12234042553191489 0.03944773175542406 0.014184397163120567
1 0.893491124260355 0.18572695035460993 0.06706114398422092 0.025709219858156027
1 0.9815910585141355 0.14849290780141844 0.03418803418803419 0.025709219858156027
1 0.963182117028271 0.28679078014184395 0.018408941485864562 0.023936170212765957
1 0.5535831689677844 0.27171985815602834 0.03944773175542406 0.03102836879432624
1 0.4201183431952663 0.26108156028368795 0.02235371466140697 0.027482269503546097
1 0.13773833004602237 0.250886524822695 0.0611439842209073 0.035460992907801414
1 0.11505588428665352 0.2859042553191489 0.04470742932281394 0.013297872340425532
1 0.05982905982905983 0.28102836879432624 0.030243261012491782 0.015957446808510637
1 0.03287310979618672 0.34397163120567376 0.0381328073635766 0.02304964539007092
1 0.08547008547008547 0.3457446808510638 0.027613412228796846 0.026595744680851064
1 0.11604207758053912 0.3962765957446808 0.06245890861275477 0.030141843971631204
1 0.09368836291913216 0.44725177304964536 0.03090072320841552 0.03634751773049645
1 0.048980933596318214 0.56072695035461 0.04930966469428008 0.023936170212765957
1 0.007232084155161078 0.5842198581560284 0.013149243918474688 0.017730496453900707
1 0.0210387902695595 0.6276595744680851 0.0210387902695595 0.02127659574468085
1 0.10453648915187377 0.6117021276595744 0.03287310979618672 0.012411347517730497
1 0.1525312294543064 0.5487588652482269 0.0381328073635766 0.030141843971631204
1 0.23767258382643 0.5181737588652482 0.09401709401709402 0.015070921985815602
0 0.16502301117685733 0.438386524822695 0.042077580539119 0.027482269503546097
1 0.153517422748192 0.4437056737588652 0.0190664036817883 0.027482269503546097
1 0.2143326758711374 0.4450354609929078 0.028928336620644313 0.015957446808510637
0 0.19986850756081526 0.45966312056737585 0.05128205128205129 0.041666666666666664
0 0.5285996055226825 0.10593971631205673 0.08152531229454307 0.054078014184397165
0 0.9763313609467457 0.29343971631205673 0.04733727810650888 0.03900709219858156
0 0.7495069033530573 0.5252659574468085 0.05259697567389875 0.04875886524822695
0 0.807034845496384 0.46941489361702127 0.058514135437212365 0.054078014184397165
0 0.6515450361604208 0.6910460992907801 0.03155818540433925 0.07890070921985816
0 0.6863905325443788 0.6773049645390071 0.03155818540433925 0.06382978723404255
1 0.6827744904667982 0.2579787234042553 0.06245890861275477 0.06560283687943262
1 0.7215647600262985 0.3337765957446808 0.05193951347797502 0.034574468085106384
1 0.836949375410914 0.32845744680851063 0.04339250493096647 0.023936170212765957
1 0.95069033530572 0.388741134751773 0.057856673241288625 0.02925531914893617
1 0.6900065746219592 0.4233156028368794 0.020381328073635768 0.018617021276595744
1 0.7235371466140698 0.4219858156028369 0.040105193951347796 0.02127659574468085
1 0.7777777777777778 0.41356382978723405 0.05391190006574622 0.025709219858156027
1 0.4451019066403682 0.42597517730496454 0.04339250493096647 0.015070921985815602
1 0.2126890203813281 0.5744680851063829 0.045364891518737675 0.024822695035460994
0 0.24884944115713348 0.5500886524822695 0.034845496383957925 0.03280141843971631
1 0.3747534516765286 0.5283687943262412 0.026298487836949377 0.017730496453900707
1 0.46942800788954636 0.5811170212765957 0.049967126890203814 0.022163120567375887
1 0.2689020381328074 0.6307624113475178 0.028928336620644313 0.022163120567375887
1 0.2416173570019724 0.6338652482269503 0.01643655489809336 0.015957446808510637
1 0.20677186061801447 0.7734929078014184 0.04142011834319527 0.013297872340425532
0 0.31097961867192636 0.7752659574468085 0.11308349769888232 0.022163120567375887
1 0.27218934911242604 0.7770390070921985 0.03287310979618672 0.023936170212765957
1 0.1712689020381328 0.6985815602836879 0.034845496383957925 0.02304964539007092
1 0.2679158448389218 0.6950354609929078 0.04404996712689021 0.015957446808510637
1 0.40236686390532544 0.6879432624113475 0.018408941485864562 0.010638297872340425
1 0.7564102564102565 0.6019503546099291 0.02827087442472058 0.012411347517730497
1 0.8011176857330704 0.5868794326241135 0.03353057199211046 0.04609929078014184
1 0.802103879026956 0.6480496453900709 0.03418803418803419 0.02304964539007092
1 0.7685733070348455 0.6298758865248226 0.02366863905325444 0.045212765957446804
1 0.7337278106508877 0.588209219858156 0.018408941485864562 0.015070921985815602
1 0.9010519395134781 0.6431737588652482 0.07692307692307693 0.02925531914893617
0 0.8941485864562788 0.6320921985815603 0.09861932938856016 0.047872340425531915
1 0.7777777777777778 0.675531914893617 0.02235371466140697 0.012411347517730497
1 0.7830374753451677 0.6901595744680851 0.04602235371466141 0.023936170212765957
1 0.9483892176199868 0.7220744680851063 0.05982905982905983 0.03102836879432624
1 0.7330703484549639 0.7903368794326241 0.027613412228796846 0.04343971631205674
1 0.6873767258382644 0.7836879432624113 0.020381328073635768 0.04078014184397163
1 0.6209730440499671 0.7956560283687943 0.021696252465483234 0.025709219858156027
1 0.8757396449704142 0.987145390070922 0.03418803418803419 0.025709219858156027
1 0.11406969099276792 0.9414893617021276 0.05325443786982249 0.03723404255319149
1 0.2988165680473373 0.8125 0.07297830374753451 0.015070921985815602
1 0.42077580539119 0.8129432624113475 0.02366863905325444 0.01950354609929078
0 0.41452991452991456 0.8071808510638298 0.040105193951347796 0.034574468085106384
1 0.45857988165680474 0.7929964539007092 0.009861932938856016 0.016843971631205674
0 0.46975673898750825 0.7952127659574468 0.034845496383957925 0.024822695035460994
1 0.5460223537146615 0.7703900709219857 0.042735042735042736 0.02127659574468085
0 0.5726495726495727 0.7464539007092198 0.040762656147271537 0.044326241134751775
0 0.6045364891518737 0.8054078014184397 0.0611439842209073 0.023936170212765957
1 0.7928994082840237 0.7947695035460993 0.03944773175542406 0.020390070921985814
1 0.7284681130834977 0.8603723404255319 0.04733727810650888 0.020390070921985814
1 0.5509533201840895 0.8914007092198581 0.04339250493096647 0.025709219858156027
1 0.4003944773175543 0.8643617021276595 0.04733727810650888 0.026595744680851064
1 0.22057856673241288 0.8315602836879432 0.024326101249178174 0.010638297872340425
0 0.20611439842209073 0.8293439716312057 0.05193951347797502 0.020390070921985814
1 0.5880999342537805 0.9304078014184397 0.040105193951347796 0.023936170212765957
0 0.6078238001314925 0.9197695035460993 0.10979618671926365 0.061170212765957445
1 0.7593688362919132 0.9171099290780141 0.026298487836949377 0.03102836879432624
0 0.7462195923734386 0.9215425531914894 0.05128205128205129 0.041666666666666664
1 0.5072320841551611 0.9942375886524822 0.05982905982905983 0.01152482269503546
1 0.391190006574622 0.9875886524822695 0.0210387902695595 0.024822695035460994
1 0.9566074950690335 0.024822695035460994 0.026298487836949377 0.01950354609929078
1 0.5092044707429323 0.6879432624113475 0.013806706114398423 0.008865248226950354
0 0.5193951347797502 0.6817375886524822 0.06969099276791585 0.028368794326241134
0 0.2866535174227482 0.299645390070922 0.08152531229454307 0.024822695035460994
0 0.9585798816568047 0.9437056737588653 0.06180144641683104 0.08776595744680851
0 0.47074293228139386 0.9361702127659575 0.07889546351084813 0.047872340425531915
