1 0.36752136752136755 0.017528483786152498 0.026298487836949377 0.033304119193689745
0 0.12097304404996713 0.2002629272567923 0.04602235371466141 0.07975460122699386
1 0.1193293885601578 0.22085889570552147 0.02958579881656805 0.02979842243645925
1 0.22485207100591717 0.4741454864154251 0.018408941485864562 0.026292725679228746
1 0.5841551610782381 0.16783523225241018 0.02827087442472058 0.04469763365468887
1 0.6946088099934254 0.3448729184925504 0.04404996712689021 0.02366345311130587
1 0.6571334648257725 0.3334794040315513 0.01643655489809336 0.020157756354075372
1 0.8971071663379356 0.11218229623137599 0.02958579881656805 0.049079754601226995
1 0.9812623274161736 0.4609991235758107 0.020381328073635768 0.028045574057843997
1 0.9615384615384616 0.4890446976336547 0.020381328073635768 0.02979842243645925
1 0.7304404996712689 0.5543382997370727 0.042077580539119 0.021910604732690624
1 0.7090729783037476 0.7195442594215601 0.015121630506245891 0.04732690622261174
1 0.42143326758711375 0.591148115687993 0.02235371466140697 0.02366345311130587
1 0.24852071005917162 0.6787905346187555 0.013149243918474688 0.025416301489921123
1 0.1965811965811966 0.2037686240140228 0.026298487836949377 0.02716914986853637
0 0.3047337278106509 0.7962313759859773 0.047994740302432615 0.06923751095530237
1 0.2892833662064431 0.803680981595092 0.013149243918474688 0.04732690622261174
1 0.35700197238658776 0.815512708150745 0.028928336620644313 0.04294478527607362
1 0.4181459566074951 0.8453111305872042 0.03155818540433925 0.028921998247151623
1 0.4644970414201184 0.8891323400525855 0.03879026955950033 0.08851884312007012
1 0.5660749506903353 0.9255039439088519 0.07889546351084813 0.0315512708150745
1 0.6946088099934254 0.9723926380368099 0.03090072320841552 0.05170902716914987
1 0.7790927021696253 0.8702892199824716 0.03550295857988166 0.056091148115687994
1 0.8974358974358975 0.20946538124452235 0.009204470742932281 0.02979842243645925
1 0.8783694937541092 0.22787028921998248 0.0210387902695595 0.014022787028921999
