1 0.03172504957038995 0.22582417582417583 0.030403172504957037 0.07802197802197802
1 0.04791804362194316 0.07912087912087912 0.017845340383344347 0.017582417582417582
1 0.11335095836087243 0.03241758241758242 0.03502974223397224 0.06263736263736264
1 0.1463978849966953 0.06538461538461539 0.03238598810310641 0.06483516483516484
1 0.20918704560475876 0.07802197802197802 0.036351619299405155 0.07692307692307693
1 0.3298083278255122 0.1879120879120879 0.013218770654329148 0.07692307692307693
1 0.4084600132187706 0.06538461538461539 0.01718440185062789 0.07582417582417582
1 0.4586913417052214 0.5851648351648352 0.011896893588896233 0.04285714285714286
1 0.5171844018506279 0.29945054945054944 0.020489094514210177 0.05384615384615385
1 0.7164573694646398 0.016483516483516484 0.018506278916060805 0.03076923076923077
1 0.8043621943159286 0.024175824175824177 0.01982815598149372 0.046153846153846156
1 0.8466622604097819 0.046703296703296704 0.027759418374091207 0.0912087912087912
1 0.9097818902842035 0.04230769230769231 0.013879709187045603 0.027472527472527472
1 0.9193654990085922 0.2923076923076923 0.01982815598149372 0.1054945054945055
1 0.9603436880370125 0.2752747252747253 0.014540647719762061 0.031868131868131866
1 0.8000660938532717 0.32252747252747255 0.031064111037673495 0.04945054945054945
1 0.8185723727693324 0.34505494505494505 0.00991407799074686 0.01978021978021978
1 0.7937871777924652 0.4467032967032967 0.03701255783212161 0.0912087912087912
1 0.8298083278255122 0.4989010989010989 0.02709847984137475 0.03956043956043956
1 0.9018506278916061 0.5241758241758242 0.024454725710508923 0.026373626373626374
0 0.8859881031064111 0.5725274725274725 0.053536021150033045 0.12527472527472527
1 0.913417052214144 0.7686813186813187 0.029081295439524122 0.027472527472527472
1 0.6143423661599471 0.7961538461538461 0.019167217448777262 0.01868131868131868
1 0.6209517514871117 0.8258241758241758 0.019167217448777262 0.031868131868131866
1 0.7756113681427627 0.9692307692307692 0.017845340383344347 0.06153846153846154
1 0.8106411103767349 0.7917582417582417 0.01255783212161269 0.038461538461538464
1 0.7491738268341044 0.6818681318681319 0.01255783212161269 0.051648351648351645
1 0.6242564441506939 0.6576923076923077 0.021810971579643092 0.056043956043956046
1 0.7029081295439524 0.5532967032967033 0.023132848645076007 0.03406593406593406
1 0.6962987442167878 0.3423076923076923 0.02974223397224058 0.056043956043956046
0 0.6427627230667547 0.7302197802197802 0.05485789821546596 0.05384615384615385
1 0.4005287508261732 0.5445054945054945 0.02247191011235955 0.14175824175824175
1 0.1844018506278916 0.31373626373626373 0.018506278916060805 0.03626373626373627
0 0.17448777263714474 0.25659340659340657 0.06212822207534699 0.17912087912087912
1 0.02478519497686715 0.45989010989010987 0.023132848645076007 0.04285714285714286
1 0.02214144084600132 0.6126373626373627 0.013879709187045603 0.04285714285714286
0 0.014210178453403832 0.643956043956044 0.02709847984137475 0.09230769230769231
1 0.1996034368803701 0.4967032967032967 0.009253139458030402 0.046153846153846156
1 0.2468605419695968 0.6626373626373626 0.036351619299405155 0.035164835164835165
1 0.28651685393258425 0.7587912087912088 0.02709847984137475 0.02967032967032967
1 0.30039656311962987 0.8483516483516483 0.025776602775941838 0.017582417582417582
1 0.270323859881031 0.8994505494505495 0.02511566424322538 0.02967032967032967
1 0.1232650363516193 0.9483516483516483 0.015201586252478519 0.03076923076923077
1 0.4910773298083278 0.051648351648351645 0.02247191011235955 0.054945054945054944
0 0.5089226701916721 0.06208791208791209 0.0541969596827495 0.08241758241758242
0 0.9775280898876404 0.9758241758241758 0.021150033046926635 0.04835164835164835
0 0.221083939193655 0.8835164835164835 0.03502974223397224 0.03736263736263736
1 0.5518836748182419 0.4032967032967033 0.009253139458030402 0.04835164835164835
1 0.5006609385327164 0.4912087912087912 0.008592200925313945 0.046153846153846156
1 0.5703899537343027 0.08076923076923077 0.03172504957038995 0.06263736263736264
1 0.9947124917382683 0.8225274725274725 0.010575016523463317 0.051648351648351645
