1 0.5078125 0.58203125 0.046875 0.0390625
0 0.533203125 0.560546875 0.09765625 0.08984375
1 0.552734375 0.44140625 0.04296875 0.0546875
1 0.677734375 0.359375 0.05859375 0.046875
1 0.34375 0.337890625 0.0859375 0.03515625
1 0.41796875 0.310546875 0.015625 0.05078125
0 0.447265625 0.353515625 0.09765625 0.12109375
1 0.259765625 0.548828125 0.03515625 0.04296875
1 0.625 0.671875 0.0546875 0.078125
1 0.951171875 0.4296875 0.05859375 0.046875
1 0.75390625 0.123046875 0.0390625 0.05859375
1 0.76171875 0.689453125 0.0625 0.05078125
1 0.26171875 0.697265625 0.0625 0.03515625
1 0.142578125 0.849609375 0.03515625 0.05859375
1 0.34375 0.958984375 0.0703125 0.04296875
1 0.86328125 0.958984375 0.0703125 0.05859375
1 0.515625 0.83203125 0.0546875 0.046875
1 0.9921875 0.349609375 0.015625 0.01953125
