1 0.62109375 0.12890625 0.0390625 0.0703125
1 0.681640625 0.275390625 0.04296875 0.05859375
1 0.38671875 0.203125 0.0546875 0.0625
1 0.041015625 0.171875 0.04296875 0.0234375
1 0.716796875 0.33203125 0.07421875 0.046875
1 0.62890625 0.4921875 0.046875 0.0625
1 0.19921875 0.47265625 0.0625 0.0390625
1 0.162109375 0.51953125 0.04296875 0.03125
1 0.45703125 0.912109375 0.0625 0.03515625
1 0.677734375 0.568359375 0.05078125 0.07421875
1 0.078125 0.603515625 0.0390625 0.05078125
0 0.068359375 0.59375 0.05859375 0.078125
0 0.048828125 0.173828125 0.08984375 0.03515625
1 0.685546875 0.849609375 0.06640625 0.05078125
1 0.705078125 0.921875 0.02734375 0.0234375
1 0.693359375 0.94921875 0.05078125 0.0234375
1 0.517578125 0.35546875 0.03515625 0.03125
1 0.6015625 0.263671875 0.03125 0.06640625
1 0.32421875 0.552734375 0.046875 0.05078125
1 0.53515625 0.048828125 0.0625 0.04296875
