1 0.248046875 0.171875 0.02734375 0.0859375
1 0.28125 0.166015625 0.0390625 0.07421875
1 0.5390625 0.408203125 0.0625 0.05078125
1 0.029296875 0.212890625 0.01953125 0.04296875
1 0.271484375 0.826171875 0.05859375 0.05078125
1 0.400390625 0.8984375 0.04296875 0.046875
1 0.4765625 0.82421875 0.0625 0.0390625
1 0.853515625 0.283203125 0.06640625 0.05859375
1 0.92578125 0.26171875 0.046875 0.046875
1 0.955078125 0.3203125 0.05859375 0.0546875
1 0.830078125 0.55859375 0.03515625 0.046875
1 0.83984375 0.32421875 0.046875 0.046875
1 0.05078125 0.3671875 0.0234375 0.0390625
1 0.603515625 0.017578125 0.03515625 0.02734375
1 0.28125 0.931640625 0.03125 0.02734375
1 0.0859375 0.439453125 0.0390625 0.07421875
0 0.8359375 0.33984375 0.0703125 0.078125
