0 0.396484375 0.158203125 0.09765625 0.05859375
1 0.037109375 0.078125 0.04296875 0.03125
1 0.025390625 0.298828125 0.04296875 0.08203125
1 0.234375 0.458984375 0.0625 0.05078125
1 0.580078125 0.478515625 0.04296875 0.07421875
1 0.62890625 0.408203125 0.0390625 0.02734375
1 0.646484375 0.447265625 0.05078125 0.05859375
1 0.884765625 0.69921875 0.03515625 0.03125
1 0.609375 0.734375 0.0625 0.03125
1 0.900390625 0.900390625 0.12109375 0.06640625
1 0.2421875 0.873046875 0.03125 0.05078125
1 0.353515625 0.86328125 0.03515625 0.046875
1 0.564453125 0.75 0.03515625 0.0390625
1 0.41796875 0.13671875 0.015625 0.0234375
1 0.009765625 0.22265625 0.01171875 0.109375
1 0.9921875 0.8046875 0.015625 0.046875
1 0.978515625 0.73046875 0.04296875 0.0546875
1 0.52734375 0.015625 0.0390625 0.0234375
1 0.015625 0.048828125 0.0234375 0.02734375
0 0.8671875 0.697265625 0.0546875 0.03515625
