0 0.328125 0.546875 0.046875 0.0625
0 0.236328125 0.5859375 0.07421875 0.0703125
1 0.193359375 0.7734375 0.03515625 0.1015625
1 0.521484375 0.68359375 0.03515625 0.0546875
0 0.517578125 0.736328125 0.04296875 0.06640625
1 0.8125 0.578125 0.0390625 0.0625
1 0.798828125 0.66015625 0.01953125 0.078125
1 0.81640625 0.435546875 0.0703125 0.03515625
1 0.37109375 0.041015625 0.03125 0.06640625
1 0.216796875 0.580078125 0.03515625 0.04296875
1 0.3125 0.55859375 0.0234375 0.0234375
1 0.51953125 0.7265625 0.0234375 0.0234375
1 0.88671875 0.021484375 0.0234375 0.03515625
1 0.373046875 0.279296875 0.02734375 0.03515625
