0 0.52734375 0.291015625 0.0546875 0.06640625
1 0.513671875 0.279296875 0.02734375 0.02734375
1 0.19921875 0.42578125 0.046875 0.046875
1 0.029296875 0.32421875 0.05078125 0.0703125
1 0.52734375 0.4375 0.015625 0.0390625
1 0.513671875 0.478515625 0.02734375 0.07421875
1 0.68359375 0.578125 0.0390625 0.03125
1 0.587890625 0.595703125 0.05859375 0.04296875
1 0.39453125 0.6796875 0.03125 0.0703125
1 0.359375 0.693359375 0.0390625 0.05078125
1 0.669921875 0.8125 0.03515625 0.046875
1 0.734375 0.912109375 0.03125 0.06640625
1 0.984375 0.818359375 0.0234375 0.04296875
1 0.6484375 0.7578125 0.0234375 0.0390625
1 0.623046875 0.92578125 0.05078125 0.03125
1 0.11328125 0.94140625 0.03125 0.0234375
1 0.169921875 0.943359375 0.08203125 0.07421875
1 0.041015625 0.85546875 0.02734375 0.03125
