0 0.580078125 0.177734375 0.07421875 0.14453125
1 0.580078125 0.134765625 0.07421875 0.06640625
1 0.203125 0.310546875 0.046875 0.04296875
1 0.140625 0.21875 0.0546875 0.046875
1 0.21875 0.20703125 0.046875 0.0546875
1 0.572265625 0.591796875 0.03515625 0.06640625
1 0.828125 0.708984375 0.0546875 0.05078125
1 0.93359375 0.73828125 0.0546875 0.078125
1 0.076171875 0.73828125 0.05078125 0.046875
1 0.203125 0.525390625 0.03125 0.06640625
1 0.5625 0.27734375 0.0546875 0.0390625
1 0.533203125 0.0625 0.02734375 0.0390625
1 0.326171875 0.9765625 0.04296875 0.046875
1 0.09765625 0.9140625 0.0625 0.0546875
0 0.49609375 0.03515625 0.046875 0.0625
1 0.498046875 0.025390625 0.01171875 0.01953125
0 0.89453125 0.93359375 0.0859375 0.1328125
1 0.888671875 0.958984375 0.03515625 0.01953125
1 0.015625 0.20703125 0.0234375 0.03125
1 0.01171875 0.681640625 0.015625 0.03515625
1 0.275390625 0.8203125 0.03515625 0.09375
1 0.982421875 0.86328125 0.03515625 0.03125
1 0.4453125 0.326171875 0.015625 0.02734375
