1 0.2890625 0.775390625 0.0390625 0.03515625
1 0.244140625 0.787109375 0.05078125 0.02734375
1 0.125 0.810546875 0.0703125 0.02734375
1 0.302734375 0.58203125 0.05078125 0.0546875
1 0.42578125 0.625 0.0703125 0.0390625
1 0.099609375 0.220703125 0.05859375 0.01953125
1 0.08984375 0.158203125 0.046875 0.02734375
0 0.091796875 0.193359375 0.10546875 0.02734375
1 0.982421875 0.439453125 0.03515625 0.04296875
1 0.7578125 0.666015625 0.046875 0.04296875
1 0.87109375 0.8203125 0.0546875 0.0546875
1 0.564453125 0.900390625 0.07421875 0.02734375
1 0.318359375 0.724609375 0.03515625 0.04296875
1 0.78125 0.298828125 0.0703125 0.02734375
1 0.087890625 0.193359375 0.04296875 0.01953125
1 0.95703125 0.04296875 0.03125 0.03125
1 0.236328125 0.015625 0.03515625 0.0234375
1 0.013671875 0.228515625 0.01953125 0.02734375
