0 0.630859375 0.208984375 0.08984375 0.09765625
0 0.595703125 0.3359375 0.05078125 0.0546875
0 0.6328125 0.294921875 0.046875 0.05859375
1 0.615234375 0.126953125 0.05859375 0.04296875
1 0.58203125 0.1796875 0.078125 0.03125
1 0.767578125 0.4453125 0.07421875 0.0859375
1 0.73046875 0.318359375 0.0625 0.05078125
1 0.640625 0.56640625 0.0859375 0.078125
1 0.501953125 0.646484375 0.05859375 0.05078125
1 0.439453125 0.6640625 0.05859375 0.0390625
1 0.453125 0.4609375 0.0625 0.0625
1 0.380859375 0.486328125 0.08203125 0.05078125
1 0.32421875 0.548828125 0.0859375 0.05859375
1 0.0625 0.017578125 0.0625 0.02734375
1 0.515625 0.970703125 0.046875 0.05078125
1 0.58203125 0.337890625 0.0234375 0.05078125
1 0.642578125 0.1796875 0.05859375 0.0234375
1 0.63671875 0.296875 0.015625 0.0234375
