0 0.625 0.9453125 0.0703125 0.046875
0 0.572265625 0.98046875 0.05859375 0.0390625
0 0.70703125 0.779296875 0.0390625 0.05859375
1 0.76171875 0.783203125 0.0546875 0.05078125
1 0.75390625 0.8359375 0.046875 0.0546875
1 0.80078125 0.7421875 0.03125 0.03125
1 0.8671875 0.74609375 0.0546875 0.0546875
1 0.87890625 0.5546875 0.046875 0.0546875
1 0.9140625 0.283203125 0.046875 0.02734375
1 0.927734375 0.3125 0.05078125 0.0234375
1 0.48046875 0.53515625 0.0703125 0.0390625
1 0.162109375 0.76171875 0.07421875 0.03125
1 0.15234375 0.451171875 0.03125 0.06640625
1 0.181640625 0.39453125 0.05859375 0.046875
1 0.185546875 0.349609375 0.04296875 0.02734375
1 0.33203125 0.34375 0.046875 0.0546875
1 0.935546875 0.572265625 0.03515625 0.05859375
1 0.96484375 0.55859375 0.015625 0.0703125
1 0.986328125 0.55859375 0.02734375 0.0859375
1 0.978515625 0.6328125 0.02734375 0.046875
1 0.541015625 0.44921875 0.04296875 0.078125
1 0.556640625 0.984375 0.02734375 0.0234375
1 0.62109375 0.935546875 0.0546875 0.02734375
1 0.701171875 0.798828125 0.02734375 0.01953125
0 0.98828125 0.529296875 0.0234375 0.13671875
1 0.736328125 0.220703125 0.03515625 0.05078125
1 0.978515625 0.029296875 0.04296875 0.04296875
1 0.146484375 0.134765625 0.01953125 0.03515625
1 0.17578125 0.134765625 0.03125 0.03515625
1 0.234375 0.076171875 0.03125 0.02734375
1 0.2890625 0.4765625 0.03125 0.0546875
