0 0.255859375 0.37109375 0.08203125 0.03125
1 0.26953125 0.306640625 0.0234375 0.08984375
1 0.61328125 0.20703125 0.0546875 0.0859375
1 0.927734375 0.212890625 0.03515625 0.10546875
1 0.96875 0.130859375 0.046875 0.03515625
1 0.88671875 0.59765625 0.03125 0.140625
1 0.892578125 0.77734375 0.01953125 0.0625
1 0.8515625 0.896484375 0.0625 0.06640625
1 0.650390625 0.931640625 0.04296875 0.05078125
1 0.177734375 0.501953125 0.05859375 0.04296875
1 0.291015625 0.41015625 0.05078125 0.0390625
1 0.78515625 0.3515625 0.046875 0.0390625
1 0.109375 0.890625 0.0390625 0.0859375
1 0.544921875 0.99609375 0.01953125 0.0078125
