0 0.30078125 0.5390625 0.09375 0.078125
1 0.83203125 0.59765625 0.0390625 0.0390625
1 0.8671875 0.66015625 0.0859375 0.0390625
1 0.98828125 0.736328125 0.0234375 0.05078125
1 0.12109375 0.2578125 0.0390625 0.078125
1 0.140625 0.33984375 0.0625 0.0703125
1 0.15625 0.259765625 0.0234375 0.05078125
1 0.015625 0.658203125 0.0234375 0.05859375
1 0.07421875 0.8046875 0.03125 0.0390625
1 0.701171875 0.970703125 0.03515625 0.04296875
1 0.783203125 0.341796875 0.05078125 0.04296875
1 0.27734375 0.529296875 0.0390625 0.05078125
