0 0.767578125 0.478515625 0.08203125 0.11328125
1 0.8515625 0.576171875 0.0625 0.07421875
1 0.68359375 0.251953125 0.0390625 0.06640625
0 0.583984375 0.126953125 0.11328125 0.13671875
1 0.09765625 0.064453125 0.0390625 0.06640625
1 0.033203125 0.1328125 0.05859375 0.0234375
1 0.9375 0.203125 0.0859375 0.0546875
1 0.970703125 0.1640625 0.03515625 0.046875
1 0.921875 0.015625 0.0859375 0.0234375
1 0.744140625 0.474609375 0.02734375 0.08203125
1 0.544921875 0.025390625 0.04296875 0.04296875
1 0.619140625 0.166015625 0.04296875 0.04296875
0 0.12890625 0.92578125 0.0546875 0.125
1 0.1171875 0.958984375 0.0234375 0.05078125
1 0.52734375 0.19921875 0.03125 0.0390625
1 0.111328125 0.4140625 0.01953125 0.0390625
1 0.033203125 0.9921875 0.05859375 0.015625
1 0.544921875 0.837890625 0.02734375 0.04296875
1 0.98828125 0.3515625 0.0234375 0.0546875
