0 0.255859375 0.255859375 0.08203125 0.17578125
1 0.42578125 0.44921875 0.0390625 0.078125
0 0.08984375 0.654296875 0.0546875 0.09765625
1 0.505859375 0.65625 0.03515625 0.03125
1 0.525390625 0.68359375 0.04296875 0.0546875
1 0.43359375 0.703125 0.03125 0.0625
1 0.533203125 0.189453125 0.03515625 0.05859375
1 0.845703125 0.49609375 0.03515625 0.0546875
1 0.849609375 0.732421875 0.08984375 0.07421875
1 0.228515625 0.302734375 0.03515625 0.06640625
1 0.083984375 0.689453125 0.03515625 0.02734375
1 0.068359375 0.640625 0.01953125 0.046875
1 0.025390625 0.01953125 0.04296875 0.03125
1 0.859375 0.26953125 0.03125 0.046875
1 0.06640625 0.591796875 0.0390625 0.02734375
1 0.109375 0.515625 0.0234375 0.0390625
0 0.53515625 0.158203125 0.0546875 0.12109375
