0 0.50390625 0.10546875 0.0625 0.0546875
0 0.439453125 0.185546875 0.09765625 0.08984375
1 0.501953125 0.205078125 0.05078125 0.06640625
1 0.150390625 0.697265625 0.05859375 0.09765625
1 0.169921875 0.353515625 0.05078125 0.09765625
1 0.623046875 0.158203125 0.04296875 0.07421875
1 0.630859375 0.283203125 0.03515625 0.07421875
1 0.064453125 0.75 0.05078125 0.0546875
1 0.068359375 0.798828125 0.05859375 0.03515625
1 0.5078125 0.853515625 0.0390625 0.02734375
1 0.49609375 0.896484375 0.0546875 0.04296875
1 0.556640625 0.96484375 0.03515625 0.0703125
1 0.857421875 0.982421875 0.02734375 0.03515625
1 0.787109375 0.025390625 0.05859375 0.04296875
0 0.498046875 0.203125 0.06640625 0.0703125
