1 0.16796875 0.025390625 0.0703125 0.04296875
1 0.482421875 0.107421875 0.04296875 0.04296875
1 0.89453125 0.166015625 0.0390625 0.03515625
1 0.92578125 0.1328125 0.046875 0.0390625
0 0.546875 0.423828125 0.0390625 0.02734375
0 0.068359375 0.400390625 0.08203125 0.05078125
1 0.0625 0.38671875 0.0625 0.0234375
1 0.107421875 0.458984375 0.02734375 0.02734375
1 0.732421875 0.818359375 0.05078125 0.02734375
1 0.396484375 0.95703125 0.03515625 0.0234375
1 0.533203125 0.423828125 0.01171875 0.01171875
