1 0.10546875 0.099609375 0.0703125 0.05078125
1 0.53515625 0.0859375 0.0546875 0.0625
1 0.44921875 0.169921875 0.0546875 0.04296875
1 0.486328125 0.189453125 0.05859375 0.06640625
1 0.31640625 0.224609375 0.0703125 0.06640625
1 0.369140625 0.302734375 0.05078125 0.05078125
1 0.8046875 0.1015625 0.0390625 0.09375
1 0.783203125 0.275390625 0.05078125 0.06640625
1 0.859375 0.23828125 0.0546875 0.0390625
1 0.71484375 0.330078125 0.046875 0.05859375
1 0.7421875 0.482421875 0.0234375 0.05859375
1 0.646484375 0.58984375 0.05078125 0.0390625
1 0.419921875 0.650390625 0.07421875 0.03515625
1 0.3515625 0.689453125 0.0703125 0.04296875
1 0.84375 0.623046875 0.0703125 0.04296875
1 0.953125 0.7734375 0.046875 0.0859375
1 0.791015625 0.9140625 0.03515625 0.078125
1 0.111328125 0.607421875 0.07421875 0.06640625
1 0.994140625 0.5390625 0.01171875 0.03125
1 0.244140625 0.03515625 0.03515625 0.0625
1 0.15234375 0.970703125 0.046875 0.03515625
1 0.21875 0.982421875 0.03125 0.03515625
