1 0.443359375 0.166015625 0.04296875 0.05078125
1 0.67578125 0.109375 0.0625 0.046875
1 0.765625 0.20703125 0.046875 0.046875
1 0.15234375 0.25 0.0390625 0.0390625
1 0.091796875 0.43359375 0.02734375 0.0625
1 0.22265625 0.64453125 0.0625 0.03125
1 0.162109375 0.638671875 0.05078125 0.03515625
1 0.439453125 0.462890625 0.03515625 0.04296875
1 0.380859375 0.521484375 0.03515625 0.04296875
1 0.33984375 0.552734375 0.03125 0.03515625
1 0.677734375 0.60546875 0.06640625 0.0625
1 0.599609375 0.576171875 0.03515625 0.02734375
1 0.564453125 0.578125 0.01953125 0.03125
1 0.572265625 0.62109375 0.04296875 0.0390625
1 0.46875 0.3046875 0.03125 0.0703125
1 0.43359375 0.296875 0.0390625 0.1171875
1 0.740234375 0.435546875 0.05078125 0.08203125
1 0.912109375 0.732421875 0.05078125 0.05078125
1 0.31640625 0.798828125 0.03125 0.04296875
1 0.365234375 0.8984375 0.02734375 0.03125
1 0.728515625 0.935546875 0.02734375 0.01953125
1 0.787109375 0.046875 0.05078125 0.0546875
1 0.908203125 0.09375 0.05078125 0.0390625
1 0.970703125 0.03515625 0.04296875 0.0390625
1 0.98828125 0.685546875 0.0234375 0.02734375
0 0.9765625 0.6640625 0.046875 0.0859375
1 0.990234375 0.5234375 0.01953125 0.0625
1 0.8359375 0.033203125 0.078125 0.05859375
1 0.017578125 0.71484375 0.02734375 0.0390625
1 0.013671875 0.8046875 0.01953125 0.0625
1 0.5234375 0.560546875 0.015625 0.02734375
