1 0.546875 0.41796875 0.0390625 0.0859375
1 0.470703125 0.291015625 0.08203125 0.05859375
1 0.5 0.447265625 0.0625 0.04296875
1 0.505859375 0.5078125 0.08203125 0.0390625
1 0.25 0.587890625 0.0859375 0.05078125
1 0.470703125 0.84765625 0.03515625 0.09375
1 0.81640625 0.67578125 0.0546875 0.09375
1 0.73828125 0.72265625 0.0546875 0.03125
0 0.732421875 0.71484375 0.05859375 0.046875
0 0.857421875 0.056640625 0.06640625 0.06640625
1 0.84765625 0.05078125 0.0390625 0.0390625
1 0.31640625 0.34765625 0.0625 0.0234375
0 0.302734375 0.33984375 0.10546875 0.0546875
1 0.439453125 0.9453125 0.06640625 0.078125
1 0.93359375 0.580078125 0.0546875 0.08203125
0 0.544921875 0.38671875 0.05859375 0.1640625
1 0.95703125 0.166015625 0.0546875 0.05859375
1 0.69921875 0.95703125 0.046875 0.0859375
1 0.7890625 0.779296875 0.0390625 0.05078125
1 0.712890625 0.763671875 0.03515625 0.02734375
1 0.564453125 0.01171875 0.04296875 0.015625
1 0.640625 0.013671875 0.0234375 0.01953125
0 0.953125 0.166015625 0.078125 0.09765625
1 0.01171875 0.30078125 0.015625 0.0234375
0 0.025390625 0.310546875 0.04296875 0.05078125
