1 0.2890625 0.111328125 0.0703125 0.05078125
1 0.482421875 0.048828125 0.08984375 0.05078125
1 0.509765625 0.13671875 0.09765625 0.1015625
1 0.583984375 0.19921875 0.03515625 0.0625
1 0.603515625 0.26171875 0.06640625 0.0703125
1 0.546875 0.330078125 0.046875 0.05859375
1 0.798828125 0.181640625 0.06640625 0.05859375
1 0.890625 0.546875 0.0234375 0.046875
1 0.865234375 0.5390625 0.02734375 0.0546875
1 0.8203125 0.587890625 0.0234375 0.04296875
1 0.783203125 0.638671875 0.04296875 0.03515625
1 0.765625 0.673828125 0.0546875 0.02734375
1 0.1328125 0.669921875 0.0546875 0.08984375
1 0.14453125 0.76953125 0.046875 0.046875
1 0.15625 0.87109375 0.0625 0.0546875
1 0.435546875 0.8515625 0.07421875 0.046875
1 0.423828125 0.736328125 0.03515625 0.05859375
1 0.55078125 0.869140625 0.078125 0.04296875
0 0.56640625 0.8984375 0.109375 0.1015625
1 0.025390625 0.529296875 0.04296875 0.06640625
1 0.0859375 0.244140625 0.0390625 0.05078125
1 0.890625 0.0234375 0.046875 0.0390625
1 0.986328125 0.734375 0.02734375 0.0390625
1 0.94921875 0.75 0.0234375 0.0234375
1 0.28125 0.884765625 0.1640625 0.07421875
1 0.337890625 0.78515625 0.02734375 0.0234375
