1 0.470703125 0.294921875 0.05078125 0.08203125
1 0.521484375 0.380859375 0.03515625 0.04296875
1 0.5234375 0.46484375 0.03125 0.0546875
1 0.369140625 0.5078125 0.05859375 0.046875
1 0.30859375 0.521484375 0.046875 0.03515625
1 0.263671875 0.537109375 0.04296875 0.03515625
1 0.18359375 0.458984375 0.046875 0.03515625
1 0.1328125 0.3984375 0.0703125 0.046875
1 0.09765625 0.15625 0.0390625 0.03125
1 0.115234375 0.107421875 0.03515625 0.03515625
1 0.111328125 0.0703125 0.01171875 0.0234375
1 0.04296875 0.66796875 0.0390625 0.0703125
1 0.4453125 0.578125 0.0546875 0.0546875
1 0.474609375 0.759765625 0.09765625 0.06640625
1 0.130859375 0.845703125 0.04296875 0.07421875
1 0.15625 0.916015625 0.0546875 0.08203125
1 0.548828125 0.916015625 0.03515625 0.08203125
1 0.4765625 0.869140625 0.03125 0.03515625
1 0.55078125 0.6328125 0.015625 0.0625
1 0.890625 0.212890625 0.0625 0.08203125
1 0.869140625 0.625 0.08984375 0.03125
1 0.77734375 0.79296875 0.0234375 0.046875
1 0.76171875 0.751953125 0.0234375 0.04296875
1 0.783203125 0.474609375 0.02734375 0.01953125
1 0.779296875 0.51171875 0.02734375 0.03125
1 0.765625 0.537109375 0.0234375 0.02734375
1 0.96484375 0.0546875 0.0390625 0.046875
1 0.921875 0.08984375 0.03125 0.0234375
1 0.978515625 0.130859375 0.04296875 0.01953125
1 0.376953125 0.1171875 0.04296875 0.03125
1 0.0703125 0.2578125 0.015625 0.03125
1 0.515625 0.642578125 0.03125 0.01953125
