1 0.421875 0.078125 0.0390625 0.0390625
1 0.369140625 0.0703125 0.06640625 0.0546875
1 0.38671875 0.259765625 0.03125 0.07421875
1 0.333984375 0.392578125 0.03515625 0.03515625
1 0.341796875 0.357421875 0.08984375 0.04296875
1 0.115234375 0.37890625 0.03515625 0.03125
1 0.595703125 0.248046875 0.05859375 0.07421875
1 0.876953125 0.083984375 0.05078125 0.06640625
1 0.9453125 0.154296875 0.046875 0.01953125
0 0.9453125 0.1640625 0.078125 0.078125
1 0.60546875 0.52734375 0.0703125 0.03125
1 0.673828125 0.40625 0.04296875 0.0859375
1 0.720703125 0.40234375 0.02734375 0.0390625
1 0.734375 0.466796875 0.03125 0.02734375
1 0.333984375 0.47265625 0.02734375 0.046875
1 0.322265625 0.5234375 0.03515625 0.046875
1 0.384765625 0.50390625 0.02734375 0.046875
1 0.298828125 0.685546875 0.05859375 0.03515625
1 0.392578125 0.70703125 0.05859375 0.015625
1 0.224609375 0.732421875 0.02734375 0.04296875
1 0.228515625 0.8671875 0.02734375 0.0625
1 0.251953125 0.943359375 0.04296875 0.05078125
1 0.05859375 0.95703125 0.0546875 0.0390625
1 0.783203125 0.58203125 0.03515625 0.0390625
0 0.76953125 0.59375 0.0703125 0.0625
1 0.5234375 0.693359375 0.03125 0.03515625
1 0.01171875 0.513671875 0.015625 0.04296875
1 0.01171875 0.68359375 0.015625 0.03125
1 0.015625 0.9765625 0.0234375 0.0390625
1 0.89453125 0.9375 0.03125 0.046875
1 0.966796875 0.609375 0.01953125 0.0234375
1 0.083984375 0.306640625 0.02734375 0.03515625
1 0.171875 0.376953125 0.03125 0.01171875
