1 0.09375 0.220703125 0.0390625 0.05859375
1 0.419921875 0.068359375 0.06640625 0.02734375
1 0.9453125 0.1640625 0.03125 0.0390625
1 0.904296875 0.16015625 0.03515625 0.0703125
1 0.4765625 0.12109375 0.046875 0.046875
1 0.08984375 0.04296875 0.0625 0.0625
1 0.08984375 0.369140625 0.0234375 0.01953125
0 0.072265625 0.384765625 0.06640625 0.05859375
1 0.517578125 0.37109375 0.04296875 0.0390625
1 0.533203125 0.533203125 0.03515625 0.02734375
1 0.525390625 0.67578125 0.05078125 0.09375
1 0.390625 0.763671875 0.0625 0.09765625
1 0.2734375 0.744140625 0.0546875 0.02734375
1 0.216796875 0.775390625 0.05078125 0.03515625
1 0.1015625 0.80859375 0.0546875 0.0546875
1 0.65625 0.75 0.0625 0.0390625
1 0.8671875 0.8046875 0.0625 0.0390625
1 0.83984375 0.75390625 0.078125 0.03125
1 0.9375 0.81640625 0.0234375 0.0390625
0 0.94140625 0.810546875 0.0625 0.10546875
1 0.83984375 0.98828125 0.0234375 0.0234375
1 0.982421875 0.447265625 0.03515625 0.04296875
1 0.982421875 0.681640625 0.03515625 0.09765625
0 0.982421875 0.66015625 0.03515625 0.1328125
1 0.892578125 0.986328125 0.04296875 0.02734375
1 0.720703125 0.7890625 0.04296875 0.03125
1 0.10546875 0.716796875 0.0546875 0.01953125
