1 0.44140625 0.63671875 0.046875 0.0703125
1 0.349609375 0.216796875 0.05078125 0.08984375
1 0.271484375 0.255859375 0.03515625 0.05859375
1 0.12890625 0.515625 0.046875 0.0625
1 0.376953125 0.427734375 0.04296875 0.08203125
1 0.646484375 0.28125 0.06640625 0.0625
1 0.744140625 0.5234375 0.06640625 0.0625
1 0.8671875 0.685546875 0.046875 0.05859375
1 0.896484375 0.7421875 0.05078125 0.0546875
1 0.939453125 0.80078125 0.07421875 0.0546875
1 0.890625 0.873046875 0.046875 0.07421875
1 0.8359375 0.875 0.0390625 0.0625
1 0.865234375 0.94921875 0.04296875 0.046875
1 0.84765625 0.060546875 0.0546875 0.05078125
0 0.822265625 0.07421875 0.12109375 0.0859375
1 0.736328125 0.09375 0.03515625 0.0546875
1 0.728515625 0.177734375 0.05078125 0.07421875
1 0.33203125 0.951171875 0.0546875 0.05859375
1 0.3671875 0.861328125 0.0234375 0.01953125
0 0.44921875 0.67578125 0.0625 0.1484375
1 0.9765625 0.55859375 0.046875 0.0390625
1 0.98828125 0.609375 0.0234375 0.03125
1 0.494140625 0.984375 0.05859375 0.03125
1 0.103515625 0.015625 0.08203125 0.0234375
1 0.359375 0.021484375 0.03125 0.03515625
1 0.052734375 0.58984375 0.02734375 0.03125
