1 0.498046875 0.203125 0.06640625 0.0703125
1 0.87109375 0.361328125 0.0546875 0.05859375
1 0.92578125 0.208984375 0.046875 0.05859375
1 0.9609375 0.2578125 0.0546875 0.03125
1 0.14453125 0.109375 0.0625 0.0390625
1 0.173828125 0.47265625 0.05859375 0.03125
1 0.0859375 0.841796875 0.0546875 0.03515625
1 0.83203125 0.7265625 0.078125 0.0703125
1 0.763671875 0.7265625 0.04296875 0.03125
0 0.755859375 0.744140625 0.05859375 0.05859375
1 0.662109375 0.40234375 0.03515625 0.0625
1 0.96484375 0.546875 0.0390625 0.0234375
0 0.962890625 0.59765625 0.06640625 0.1640625
1 0.91015625 0.486328125 0.03125 0.05078125
1 0.25 0.033203125 0.0703125 0.02734375
1 0.552734375 0.740234375 0.05078125 0.05078125
1 0.271484375 0.96484375 0.04296875 0.046875
1 0.044921875 0.123046875 0.07421875 0.04296875
1 0.603515625 0.03125 0.04296875 0.0546875
1 0.58984375 0.109375 0.0390625 0.0546875
0 0.560546875 0.603515625 0.06640625 0.08984375
1 0.60546875 0.982421875 0.0390625 0.02734375
1 0.837890625 0.65625 0.01171875 0.0234375
1 0.009765625 0.046875 0.01171875 0.0234375
1 0.34765625 0.4375 0.0234375 0.03125
