1 0.61328125 0.505859375 0.0390625 0.05078125
1 0.591796875 0.5625 0.06640625 0.1015625
1 0.26171875 0.10546875 0.0546875 0.0625
0 0.255859375 0.083984375 0.06640625 0.10546875
1 0.240234375 0.70703125 0.02734375 0.0390625
1 0.671875 0.87890625 0.03125 0.0625
1 0.9375 0.404296875 0.046875 0.06640625
1 0.52734375 0.041015625 0.03125 0.04296875
1 0.5390625 0.484375 0.046875 0.0546875
1 0.703125 0.7578125 0.046875 0.0625
1 0.888671875 0.80078125 0.05078125 0.03125
1 0.80859375 0.84375 0.046875 0.0703125
1 0.4453125 0.53515625 0.0390625 0.0390625
1 0.943359375 0.697265625 0.01953125 0.01953125
1 0.927734375 0.05078125 0.03515625 0.0390625
1 0.98828125 0.3203125 0.0234375 0.03125
1 0.994140625 0.5859375 0.01171875 0.1171875
1 0.958984375 0.560546875 0.02734375 0.03515625
1 0.212890625 0.9921875 0.03515625 0.015625
1 0.3515625 0.03515625 0.0390625 0.0625
0 0.529296875 0.03515625 0.04296875 0.0625
