1 0.81640625 0.392578125 0.0625 0.05859375
1 0.8046875 0.203125 0.046875 0.0390625
1 0.33984375 0.083984375 0.0703125 0.05078125
1 0.615234375 0.541015625 0.11328125 0.04296875
1 0.41015625 0.625 0.0234375 0.0625
1 0.439453125 0.623046875 0.02734375 0.05859375
1 0.669921875 0.79296875 0.04296875 0.0546875
1 0.3828125 0.853515625 0.046875 0.08984375
1 0.224609375 0.296875 0.05078125 0.046875
0 0.234375 0.310546875 0.140625 0.10546875
1 0.216796875 0.060546875 0.02734375 0.02734375
0 0.21875 0.06640625 0.0625 0.109375
1 0.9140625 0.083984375 0.0703125 0.04296875
1 0.625 0.01171875 0.0234375 0.015625
1 0.57421875 0.01171875 0.0390625 0.015625
1 0.1015625 0.01171875 0.078125 0.015625
1 0.349609375 0.978515625 0.05078125 0.04296875
1 0.37890625 0.74609375 0.0234375 0.0546875
1 0.986328125 0.775390625 0.02734375 0.07421875
1 0.806640625 0.162109375 0.04296875 0.02734375
1 0.322265625 0.140625 0.05078125 0.0546875
1 0.1640625 0.130859375 0.03125 0.03515625
