1 0.087890625 0.615234375 0.05859375 0.05078125
1 0.03515625 0.67578125 0.0546875 0.046875
1 0.365234375 0.767578125 0.02734375 0.05078125
1 0.09375 0.80859375 0.0625 0.0390625
1 0.439453125 0.478515625 0.04296875 0.04296875
1 0.095703125 0.466796875 0.05859375 0.03515625
1 0.208984375 0.08984375 0.06640625 0.0546875
1 0.1484375 0.25 0.03125 0.0546875
1 0.474609375 0.0703125 0.05859375 0.0390625
1 0.80078125 0.21484375 0.046875 0.0625
1 0.888671875 0.373046875 0.04296875 0.06640625
1 0.638671875 0.685546875 0.03515625 0.05078125
1 0.732421875 0.787109375 0.04296875 0.07421875
1 0.939453125 0.201171875 0.08203125 0.05078125
1 0.556640625 0.953125 0.04296875 0.03125
1 0.103515625 0.955078125 0.03515625 0.04296875
1 0.072265625 0.5703125 0.07421875 0.03125
1 0.109375 0.734375 0.046875 0.0390625
1 0.388671875 0.68359375 0.05078125 0.046875
1 0.861328125 0.07421875 0.04296875 0.03125
1 0.828125 0.03515625 0.0625 0.0390625
1 0.904296875 0.138671875 0.05859375 0.03515625
1 0.880859375 0.173828125 0.05078125 0.03515625
1 0.94921875 0.35546875 0.0625 0.0625
1 0.947265625 0.419921875 0.05859375 0.05078125
1 0.39453125 0.09765625 0.0625 0.0625
1 0.185546875 0.181640625 0.04296875 0.05859375
1 0.16796875 0.986328125 0.0390625 0.02734375
1 0.220703125 0.986328125 0.01953125 0.02734375
1 0.33203125 0.02734375 0.0546875 0.046875
1 0.388671875 0.03125 0.05078125 0.0546875
1 0.013671875 0.552734375 0.01953125 0.04296875
1 0.02734375 0.603515625 0.046875 0.04296875
1 0.96484375 0.7109375 0.0234375 0.0390625
1 0.96875 0.27734375 0.0625 0.046875
