1 0.68359375 0.42578125 0.046875 0.0625
1 0.771484375 0.498046875 0.12109375 0.05859375
1 0.84765625 0.466796875 0.1015625 0.04296875
1 0.5234375 0.591796875 0.0390625 0.06640625
1 0.482421875 0.59375 0.05078125 0.046875
1 0.423828125 0.66015625 0.05078125 0.0390625
1 0.2734375 0.775390625 0.03125 0.04296875
1 0.28515625 0.51171875 0.03125 0.0390625
1 0.3125 0.626953125 0.015625 0.05078125
1 0.2890625 0.955078125 0.0546875 0.05078125
1 0.83203125 0.7109375 0.0546875 0.046875
1 0.9453125 0.634765625 0.0234375 0.06640625
1 0.69140625 0.130859375 0.0703125 0.04296875
1 0.326171875 0.142578125 0.03515625 0.06640625
1 0.177734375 0.05859375 0.04296875 0.046875
1 0.509765625 0.13671875 0.04296875 0.03125
1 0.677734375 0.197265625 0.04296875 0.05078125
1 0.677734375 0.2578125 0.02734375 0.03125
1 0.8984375 0.1015625 0.0859375 0.03125
1 0.978515625 0.154296875 0.04296875 0.01953125
1 0.95703125 0.185546875 0.046875 0.06640625
1 0.9375 0.52734375 0.0234375 0.046875
0 0.92578125 0.533203125 0.0390625 0.09765625
0 0.787109375 0.775390625 0.05859375 0.06640625
1 0.822265625 0.85546875 0.04296875 0.0703125
1 0.197265625 0.275390625 0.05078125 0.05078125
0 0.279296875 0.185546875 0.05859375 0.05078125
0 0.21875 0.087890625 0.046875 0.07421875
1 0.216796875 0.080078125 0.01953125 0.03515625
1 0.01171875 0.3828125 0.015625 0.0390625
1 0.033203125 0.443359375 0.05859375 0.03515625
1 0.439453125 0.03125 0.05078125 0.0546875
1 0.169921875 0.01171875 0.04296875 0.015625
1 0.220703125 0.0078125 0.01953125 0.0078125
1 0.638671875 0.439453125 0.03515625 0.03515625
1 0.97265625 0.96484375 0.0546875 0.0703125
1 0.87890625 0.546875 0.0234375 0.0234375
0 0.880859375 0.564453125 0.02734375 0.07421875
1 0.818359375 0.970703125 0.07421875 0.05859375
1 0.646484375 0.966796875 0.04296875 0.06640625
