1 0.296875 0.478515625 0.046875 0.11328125
1 0.3046875 0.58203125 0.015625 0.078125
1 0.248046875 0.6328125 0.04296875 0.0625
1 0.15625 0.49609375 0.0546875 0.0390625
1 0.12890625 0.537109375 0.0859375 0.02734375
1 0.185546875 0.06640625 0.04296875 0.0703125
1 0.595703125 0.130859375 0.05078125 0.05078125
1 0.65625 0.46875 0.03125 0.0390625
1 0.58984375 0.7109375 0.03125 0.0703125
1 0.31640625 0.673828125 0.0234375 0.07421875
1 0.310546875 0.728515625 0.03515625 0.04296875
1 0.380859375 0.90234375 0.07421875 0.0625
1 0.599609375 0.837890625 0.06640625 0.04296875
1 0.625 0.880859375 0.0390625 0.02734375
0 0.634765625 0.908203125 0.05859375 0.08203125
1 0.359375 0.228515625 0.0703125 0.07421875
0 0.345703125 0.3125 0.05859375 0.1015625
1 0.345703125 0.314453125 0.02734375 0.05078125
1 0.640625 0.55078125 0.046875 0.0546875
1 0.8203125 0.15625 0.046875 0.0546875
1 0.748046875 0.5390625 0.05859375 0.046875
1 0.779296875 0.580078125 0.04296875 0.05078125
1 0.841796875 0.6796875 0.02734375 0.03125
1 0.865234375 0.62109375 0.04296875 0.0390625
1 0.888671875 0.748046875 0.02734375 0.08203125
1 0.8671875 0.90234375 0.0390625 0.078125
0 0.4609375 0.056640625 0.1171875 0.07421875
1 0.431640625 0.068359375 0.02734375 0.04296875
1 0.048828125 0.310546875 0.03515625 0.10546875
1 0.013671875 0.28515625 0.01953125 0.0625
1 0.13671875 0.015625 0.03125 0.0234375
1 0.40625 0.013671875 0.0234375 0.01953125
1 0.146484375 0.193359375 0.04296875 0.02734375
1 0.029296875 0.625 0.03515625 0.03125
1 0.9140625 0.994140625 0.015625 0.01171875
1 0.05078125 0.224609375 0.0390625 0.01953125
