1 0.857421875 0.25 0.05078125 0.046875
0 0.83984375 0.263671875 0.09375 0.08203125
1 0.115234375 0.7421875 0.03515625 0.0234375
1 0.068359375 0.74609375 0.04296875 0.0390625
0 0.138671875 0.736328125 0.09765625 0.04296875
1 0.650390625 0.833984375 0.05859375 0.04296875
1 0.1796875 0.93359375 0.0390625 0.03125
1 0.66796875 0.33984375 0.046875 0.0625
1 0.138671875 0.849609375 0.05859375 0.03515625
1 0.23828125 0.837890625 0.0390625 0.04296875
0 0.26953125 0.8359375 0.1015625 0.046875
1 0.130859375 0.8125 0.02734375 0.03125
0 0.109375 0.798828125 0.0625 0.05859375
0 0.046875 0.732421875 0.078125 0.05859375
1 0.05078125 0.822265625 0.03125 0.02734375
0 0.037109375 0.80859375 0.06640625 0.0703125
1 0.50390625 0.83203125 0.0234375 0.0390625
1 0.619140625 0.484375 0.02734375 0.03125
