1 0.091796875 0.39453125 0.05078125 0.1015625
1 0.1015625 0.521484375 0.0390625 0.09765625
1 0.19921875 0.125 0.0625 0.0859375
1 0.130859375 0.095703125 0.06640625 0.03515625
1 0.1796875 0.25 0.0390625 0.1015625
1 0.470703125 0.123046875 0.05859375 0.04296875
1 0.693359375 0.109375 0.03515625 0.078125
1 0.62890625 0.232421875 0.0234375 0.09765625
1 0.607421875 0.359375 0.03515625 0.1015625
1 0.494140625 0.5 0.06640625 0.0546875
0 0.49609375 0.50390625 0.078125 0.0703125
1 0.78125 0.53125 0.0390625 0.0625
1 0.751953125 0.6171875 0.05078125 0.0625
1 0.8203125 0.36328125 0.03125 0.0625
1 0.830078125 0.271484375 0.01953125 0.05859375
1 0.84765625 0.16015625 0.03125 0.0546875
1 0.814453125 0.212890625 0.06640625 0.03515625
1 0.44140625 0.68359375 0.0546875 0.046875
1 0.169921875 0.86328125 0.02734375 0.0546875
1 0.552734375 0.724609375 0.02734375 0.03515625
1 0.806640625 0.021484375 0.04296875 0.03515625
1 0.966796875 0.474609375 0.06640625 0.07421875
1 0.033203125 0.970703125 0.04296875 0.05859375
1 0.04296875 0.779296875 0.03125 0.05859375
