1 0.162109375 0.263671875 0.05859375 0.03515625
0 0.146484375 0.255859375 0.08203125 0.05078125
1 0.142578125 0.181640625 0.02734375 0.04296875
1 0.376953125 0.1484375 0.04296875 0.046875
1 0.517578125 0.43359375 0.02734375 0.0859375
1 0.58203125 0.447265625 0.046875 0.05859375
1 0.810546875 0.203125 0.04296875 0.0546875
1 0.84375 0.279296875 0.0390625 0.05859375
1 0.0859375 0.138671875 0.0390625 0.05078125
1 0.865234375 0.376953125 0.04296875 0.05859375
1 0.53515625 0.111328125 0.03125 0.06640625
1 0.505859375 0.140625 0.01953125 0.0234375
0 0.630859375 0.287109375 0.12109375 0.09765625
1 0.40625 0.23046875 0.0234375 0.03125
1 0.03515625 0.451171875 0.0390625 0.05859375
1 0.607421875 0.626953125 0.02734375 0.05859375
1 0.61328125 0.697265625 0.0234375 0.02734375
1 0.611328125 0.75 0.02734375 0.03125
1 0.6328125 0.810546875 0.0390625 0.05078125
1 0.1875 0.923828125 0.0390625 0.05078125
1 0.3984375 0.69140625 0.03125 0.0546875
1 0.412109375 0.791015625 0.02734375 0.03515625
1 0.5 0.84375 0.046875 0.0390625
1 0.533203125 0.90234375 0.06640625 0.03125
1 0.443359375 0.857421875 0.04296875 0.04296875
1 0.38671875 0.892578125 0.0625 0.05078125
1 0.9453125 0.623046875 0.046875 0.04296875
1 0.04296875 0.3203125 0.03125 0.0703125
1 0.77734375 0.1171875 0.0390625 0.0546875
1 0.5546875 0.015625 0.0234375 0.0234375
1 0.783203125 0.275390625 0.02734375 0.06640625
1 0.54296875 0.25390625 0.0234375 0.0546875
