1 0.546875 0.423828125 0.015625 0.01953125
0 0.556640625 0.431640625 0.03515625 0.05078125
1 0.501953125 0.373046875 0.07421875 0.05859375
1 0.48046875 0.404296875 0.0859375 0.05078125
1 0.6640625 0.048828125 0.0390625 0.05078125
1 0.50390625 0.03515625 0.0390625 0.0546875
1 0.83984375 0.34765625 0.0234375 0.0546875
1 0.7734375 0.498046875 0.0625 0.05078125
1 0.677734375 0.73828125 0.04296875 0.109375
1 0.3984375 0.740234375 0.046875 0.12109375
1 0.375 0.8984375 0.03125 0.0703125
1 0.341796875 0.92578125 0.03515625 0.0625
1 0.837890625 0.837890625 0.05078125 0.05078125
1 0.9296875 0.91015625 0.078125 0.0546875
1 0.591796875 0.763671875 0.03515625 0.08984375
1 0.646484375 0.498046875 0.05078125 0.02734375
1 0.453125 0.25390625 0.03125 0.0234375
1 0.212890625 0.591796875 0.08203125 0.05859375
1 0.306640625 0.71875 0.03515625 0.078125
1 0.572265625 0.953125 0.04296875 0.0703125
1 0.734375 0.7890625 0.03125 0.03125
0 0.76171875 0.787109375 0.09375 0.06640625
1 0.88671875 0.541015625 0.0390625 0.05078125
1 0.4765625 0.166015625 0.0390625 0.01953125
1 0.4609375 0.12109375 0.046875 0.015625
0 0.462890625 0.125 0.06640625 0.046875
1 0.869140625 0.361328125 0.02734375 0.04296875
1 0.9921875 0.900390625 0.015625 0.02734375
1 0.935546875 0.494140625 0.03515625 0.02734375
