1 0.505859375 0.16796875 0.05078125 0.046875
1 0.361328125 0.359375 0.05078125 0.078125
1 0.08203125 0.091796875 0.046875 0.02734375
1 0.3828125 0.05078125 0.0390625 0.0546875
1 0.90234375 0.4375 0.0390625 0.0625
1 0.791015625 0.447265625 0.03515625 0.04296875
1 0.43359375 0.6484375 0.0625 0.046875
1 0.41015625 0.6953125 0.03125 0.046875
1 0.3203125 0.830078125 0.0625 0.05078125
1 0.083984375 0.853515625 0.03515625 0.04296875
1 0.125 0.900390625 0.03125 0.04296875
1 0.07421875 0.90625 0.0390625 0.046875
1 0.130859375 0.212890625 0.04296875 0.05859375
1 0.205078125 0.35546875 0.04296875 0.0546875
1 0.2578125 0.380859375 0.046875 0.02734375
1 0.23046875 0.416015625 0.0546875 0.03515625
1 0.25 0.453125 0.0390625 0.03125
1 0.068359375 0.693359375 0.06640625 0.04296875
0 0.0859375 0.677734375 0.0859375 0.08984375
1 0.564453125 0.0234375 0.05078125 0.0390625
1 0.189453125 0.265625 0.04296875 0.0390625
1 0.015625 0.630859375 0.0234375 0.03515625
1 0.3125 0.775390625 0.0546875 0.01953125
1 0.48828125 0.771484375 0.046875 0.05859375
