1 0.48828125 0.490234375 0.0703125 0.05859375
1 0.326171875 0.353515625 0.06640625 0.05859375
1 0.369140625 0.3515625 0.05078125 0.0390625
1 0.208984375 0.7578125 0.05078125 0.0390625
1 0.814453125 0.33984375 0.05078125 0.0625
1 0.740234375 0.4609375 0.03515625 0.09375
1 0.787109375 0.462890625 0.01953125 0.01953125
1 0.84765625 0.208984375 0.046875 0.04296875
1 0.755859375 0.306640625 0.05078125 0.04296875
0 0.791015625 0.455078125 0.05859375 0.06640625
1 0.787109375 0.525390625 0.01953125 0.04296875
1 0.828125 0.5 0.0234375 0.03125
0 0.794921875 0.544921875 0.04296875 0.09765625
0 0.833984375 0.53125 0.04296875 0.09375
1 0.232421875 0.087890625 0.01171875 0.01171875
1 0.326171875 0.125 0.01953125 0.015625
