1 0.283203125 0.140625 0.07421875 0.0546875
1 0.34765625 0.171875 0.0546875 0.046875
1 0.802734375 0.06640625 0.03515625 0.046875
1 0.89453125 0.099609375 0.0703125 0.02734375
1 0.765625 0.533203125 0.0625 0.05078125
1 0.5234375 0.291015625 0.0546875 0.06640625
1 0.474609375 0.82421875 0.04296875 0.046875
1 0.982421875 0.943359375 0.02734375 0.06640625
0 0.966796875 0.9296875 0.05859375 0.078125
1 0.431640625 0.5703125 0.02734375 0.0390625
0 0.4140625 0.556640625 0.0625 0.07421875
1 0.427734375 0.44921875 0.03515625 0.015625
0 0.421875 0.46484375 0.0625 0.0546875
1 0.404296875 0.388671875 0.04296875 0.03515625
1 0.45703125 0.25390625 0.0390625 0.0625
1 0.412109375 0.232421875 0.02734375 0.03515625
1 0.439453125 0.3046875 0.04296875 0.046875
1 0.162109375 0.109375 0.04296875 0.0390625
0 0.15234375 0.134765625 0.078125 0.08984375
1 0.982421875 0.1875 0.03515625 0.0625
1 0.96875 0.1015625 0.0625 0.0546875
1 0.189453125 0.962890625 0.02734375 0.04296875
1 0.705078125 0.984375 0.04296875 0.03125
0 0.4140625 0.37890625 0.0546875 0.0546875
1 0.390625 0.49609375 0.03125 0.0234375
0 0.16796875 0.966796875 0.0703125 0.06640625
1 0.865234375 0.994140625 0.03515625 0.01171875
1 0.37109375 0.2421875 0.0390625 0.03125
1 0.84375 0.6171875 0.046875 0.0390625
1 0.609375 0.421875 0.015625 0.03125
1 0.529296875 0.33984375 0.04296875 0.0234375
