1 0.224609375 0.20703125 0.05078125 0.0546875
1 0.263671875 0.234375 0.04296875 0.046875
1 0.421875 0.22265625 0.046875 0.0625
1 0.509765625 0.392578125 0.06640625 0.05078125
1 0.1640625 0.365234375 0.0390625 0.02734375
0 0.173828125 0.34375 0.08984375 0.078125
1 0.185546875 0.275390625 0.06640625 0.02734375
1 0.138671875 0.09375 0.03515625 0.0390625
0 0.158203125 0.107421875 0.07421875 0.05859375
1 0.583984375 0.5390625 0.02734375 0.03125
0 0.59375 0.54296875 0.078125 0.0625
1 0.265625 0.912109375 0.046875 0.03515625
1 0.76171875 0.11328125 0.03125 0.0546875
0 0.216796875 0.19140625 0.06640625 0.0703125
1 0.716796875 0.033203125 0.06640625 0.05859375
0 0.16796875 0.02734375 0.0703125 0.046875
1 0.873046875 0.021484375 0.04296875 0.03515625
1 0.98046875 0.265625 0.0390625 0.0625
1 0.6484375 0.90625 0.0390625 0.03125
1 0.18359375 0.8359375 0.0703125 0.03125
1 0.0390625 0.826171875 0.0703125 0.05859375
1 0.037109375 0.783203125 0.04296875 0.01953125
1 0.87890625 0.986328125 0.0234375 0.01953125
0 0.185546875 0.26171875 0.07421875 0.046875
1 0.34375 0.189453125 0.03125 0.03515625
1 0.8671875 0.10546875 0.03125 0.0546875
1 0.55078125 0.451171875 0.0234375 0.02734375
