1 0.375 0.259765625 0.0390625 0.03515625
1 0.3671875 0.357421875 0.0546875 0.02734375
1 0.037109375 0.39453125 0.03515625 0.046875
1 0.533203125 0.0703125 0.05078125 0.046875
1 0.546875 0.166015625 0.0390625 0.03515625
1 0.56640625 0.2578125 0.0546875 0.0625
1 0.580078125 0.33203125 0.05859375 0.0625
1 0.583984375 0.46484375 0.05859375 0.078125
1 0.439453125 0.517578125 0.05078125 0.05078125
1 0.41796875 0.724609375 0.0390625 0.04296875
1 0.94140625 0.677734375 0.03125 0.05859375
1 0.875 0.212890625 0.0625 0.03515625
1 0.8125 0.0703125 0.046875 0.03125
1 0.845703125 0.1015625 0.04296875 0.0390625
1 0.88671875 0.171875 0.046875 0.03125
1 0.859375 0.30078125 0.046875 0.0625
1 0.8671875 0.2578125 0.0234375 0.015625
1 0.31640625 0.759765625 0.0703125 0.04296875
1 0.865234375 0.849609375 0.02734375 0.03515625
1 0.845703125 0.859375 0.05078125 0.046875
1 0.12890625 0.708984375 0.0390625 0.04296875
1 0.1328125 0.759765625 0.0625 0.03515625
1 0.23828125 0.798828125 0.03125 0.01953125
1 0.30078125 0.861328125 0.0390625 0.05859375
1 0.111328125 0.966796875 0.04296875 0.05078125
1 0.205078125 0.896484375 0.01953125 0.04296875
0 0.181640625 0.90234375 0.07421875 0.0703125
1 0.728515625 0.974609375 0.03515625 0.02734375
1 0.984375 0.787109375 0.03125 0.05078125
1 0.8828125 0.037109375 0.03125 0.02734375
1 0.892578125 0.0078125 0.03515625 0.0078125
1 0.91796875 0.9765625 0.03125 0.0234375
1 0.921875 0.74609375 0.03125 0.0234375
