1 0.474609375 0.05859375 0.01953125 0.046875
1 0.78125 0.041015625 0.0703125 0.02734375
1 0.90625 0.087890625 0.0703125 0.05078125
1 0.40234375 0.1796875 0.0625 0.0859375
1 0.470703125 0.228515625 0.02734375 0.04296875
1 0.408203125 0.23828125 0.06640625 0.0546875
1 0.12890625 0.21875 0.0390625 0.1015625
1 0.48046875 0.3828125 0.0546875 0.078125
1 0.869140625 0.66015625 0.05859375 0.046875
1 0.7265625 0.16796875 0.078125 0.0625
1 0.34375 0.744140625 0.0546875 0.04296875
1 0.306640625 0.8828125 0.04296875 0.0546875
1 0.4921875 0.923828125 0.0390625 0.04296875
1 0.74609375 0.814453125 0.0546875 0.07421875
1 0.744140625 0.888671875 0.05078125 0.06640625
1 0.771484375 0.583984375 0.05078125 0.07421875
1 0.046875 0.47265625 0.046875 0.0390625
1 0.966796875 0.013671875 0.06640625 0.01953125
1 0.5078125 0.013671875 0.046875 0.01953125
1 0.294921875 0.970703125 0.05078125 0.03515625
1 0.498046875 0.994140625 0.03515625 0.01171875
