1 0.37109375 0.42578125 0.046875 0.0703125
1 0.37109375 0.509765625 0.03125 0.07421875
1 0.4296875 0.705078125 0.046875 0.09765625
1 0.16796875 0.626953125 0.03125 0.12890625
1 0.8046875 0.841796875 0.046875 0.09765625
1 0.728515625 0.09375 0.02734375 0.0703125
1 0.640625 0.185546875 0.0234375 0.04296875
0 0.630859375 0.1484375 0.05859375 0.15625
1 0.4296875 0.240234375 0.03125 0.05859375
1 0.390625 0.2421875 0.0390625 0.0546875
1 0.541015625 0.03125 0.04296875 0.0546875
1 0.919921875 0.0625 0.02734375 0.1171875
1 0.4609375 0.099609375 0.0234375 0.01953125
0 0.47265625 0.080078125 0.0546875 0.06640625
1 0.625 0.025390625 0.03125 0.03515625
0 0.654296875 0.0234375 0.09765625 0.0390625
1 0.87890625 0.98828125 0.0234375 0.015625
