1 0.423828125 0.279296875 0.04296875 0.04296875
1 0.236328125 0.24609375 0.05078125 0.0390625
1 0.1796875 0.23828125 0.0390625 0.046875
1 0.24609375 0.306640625 0.0390625 0.04296875
1 0.685546875 0.1796875 0.03515625 0.0546875
1 0.845703125 0.154296875 0.05078125 0.05078125
1 0.45703125 0.064453125 0.0546875 0.09765625
1 0.357421875 0.3515625 0.04296875 0.0625
1 0.26953125 0.458984375 0.0546875 0.07421875
1 0.255859375 0.3984375 0.08203125 0.0625
1 0.04296875 0.54296875 0.0390625 0.046875
1 0.576171875 0.458984375 0.05859375 0.08203125
1 0.509765625 0.36328125 0.12109375 0.09375
1 0.205078125 0.533203125 0.06640625 0.08203125
1 0.119140625 0.8671875 0.04296875 0.0546875
1 0.064453125 0.904296875 0.03515625 0.04296875
1 0.197265625 0.63671875 0.04296875 0.046875
1 0.986328125 0.42578125 0.02734375 0.078125
1 0.01953125 0.900390625 0.03125 0.04296875
1 0.984375 0.05859375 0.03125 0.0546875
