1 0.853515625 0.419921875 0.04296875 0.05078125
0 0.859375 0.4375 0.0703125 0.09375
1 0.876953125 0.509765625 0.04296875 0.05078125
1 0.767578125 0.255859375 0.04296875 0.04296875
1 0.865234375 0.310546875 0.06640625 0.04296875
1 0.712890625 0.55078125 0.03515625 0.0234375
0 0.671875 0.529296875 0.1171875 0.08984375
1 0.9296875 0.634765625 0.03125 0.01953125
0 0.912109375 0.640625 0.06640625 0.03125
1 0.5703125 0.58203125 0.0390625 0.046875
1 0.212890625 0.17578125 0.07421875 0.0625
1 0.365234375 0.35546875 0.05078125 0.0390625
1 0.361328125 0.630859375 0.03515625 0.03515625
1 0.55859375 0.703125 0.0390625 0.0390625
1 0.509765625 0.828125 0.05078125 0.078125
0 0.787109375 0.251953125 0.09765625 0.07421875
1 0.025390625 0.08984375 0.04296875 0.0625
1 0.439453125 0.041015625 0.01953125 0.04296875
1 0.005859375 0.42578125 0.00390625 0.078125
0 0.783203125 0.009765625 0.02734375 0.01171875
1 0.7890625 0.8984375 0.03125 0.0390625
1 0.080078125 0.3515625 0.01171875 0.015625
