0 0.7152317880794702 0.2947019867549669 0.023178807947019868 0.06622516556291391
0 0.6399006622516556 0.429635761589404 0.018211920529801324 0.0347682119205298
1 0.7193708609271523 0.3087748344370861 0.008278145695364239 0.014900662251655629
0 0.6639072847682119 0.45364238410596025 0.019867549668874173 0.026490066225165563
1 0.6655629139072847 0.4519867549668874 0.009933774834437087 0.013245033112582781
1 0.918046357615894 0.277317880794702 0.018211920529801324 0.024834437086092714
0 0.9834437086092715 0.347682119205298 0.023178807947019868 0.04966887417218543
1 0.9892384105960265 0.3402317880794702 0.008278145695364239 0.02152317880794702
1 0.9097682119205298 0.3923841059602649 0.028145695364238412 0.019867549668874173
1 0.8410596026490066 0.37251655629139074 0.026490066225165563 0.023178807947019868
1 0.8501655629139073 0.3890728476821192 0.014900662251655629 0.023178807947019868
1 0.9759933774834437 0.4097682119205298 0.014900662251655629 0.014900662251655629
1 0.9776490066225165 0.445364238410596 0.014900662251655629 0.016556291390728478
1 0.8915562913907285 0.4329470198675497 0.041390728476821195 0.014900662251655629
1 0.8716887417218543 0.4470198675496689 0.028145695364238412 0.019867549668874173
1 0.8493377483443708 0.46357615894039733 0.016556291390728478 0.009933774834437087
1 0.8286423841059603 0.40728476821192056 0.014900662251655629 0.016556291390728478
1 0.8087748344370861 0.5256622516556292 0.024834437086092714 0.0380794701986755
1 0.820364238410596 0.5769867549668874 0.018211920529801324 0.018211920529801324
1 0.7938741721854304 0.5670529801324503 0.02152317880794702 0.03145695364238411
1 0.6043046357615894 0.3228476821192053 0.009933774834437087 0.016556291390728478
0 0.820364238410596 0.5943708609271523 0.018211920529801324 0.039735099337748346
0 0.7947019867549668 0.5885761589403974 0.023178807947019868 0.07119205298013245
1 0.5968543046357616 0.4379139072847682 0.018211920529801324 0.02152317880794702
1 0.5885761589403974 0.49834437086092714 0.018211920529801324 0.033112582781456956
1 0.5927152317880795 0.5951986754966887 0.013245033112582781 0.028145695364238412
1 0.8228476821192053 0.6854304635761589 0.016556291390728478 0.023178807947019868
0 0.8187086092715232 0.7011589403973509 0.028145695364238412 0.054635761589403975
1 0.7872516556291391 0.7442052980132451 0.014900662251655629 0.011589403973509934
0 0.7855960264900662 0.7177152317880795 0.02152317880794702 0.07119205298013245
1 0.8112582781456954 0.7640728476821192 0.023178807947019868 0.018211920529801324
0 0.8170529801324503 0.7582781456953642 0.03145695364238411 0.052980132450331126
1 0.7996688741721855 0.8178807947019867 0.016556291390728478 0.03642384105960265
0 0.8178807947019867 0.8302980132450332 0.046357615894039736 0.061258278145695365
1 0.49834437086092714 0.326158940397351 0.013245033112582781 0.033112582781456956
1 0.4859271523178808 0.3021523178807947 0.014900662251655629 0.024834437086092714
1 0.5041390728476821 0.4014900662251656 0.014900662251655629 0.024834437086092714
0 0.5082781456953642 0.3973509933774834 0.019867549668874173 0.033112582781456956
1 0.43129139072847683 0.42135761589403975 0.028145695364238412 0.014900662251655629
1 0.5422185430463576 0.5165562913907285 0.018211920529801324 0.023178807947019868
1 0.478476821192053 0.5538079470198676 0.016556291390728478 0.0380794701986755
1 0.48344370860927155 0.6349337748344371 0.009933774834437087 0.048013245033112585
0 0.3029801324503311 0.36837748344370863 0.029801324503311258 0.07781456953642384
1 0.2889072847682119 0.37665562913907286 0.004966887417218543 0.0347682119205298
0 0.22847682119205298 0.3336092715231788 0.016556291390728478 0.024834437086092714
1 0.23178807947019867 0.3344370860927152 0.006622516556291391 0.009933774834437087
1 0.1837748344370861 0.3211920529801324 0.016556291390728478 0.029801324503311258
1 0.06622516556291391 0.27897350993377484 0.023178807947019868 0.03145695364238411
1 0.04718543046357616 0.47433774834437087 0.018211920529801324 0.0380794701986755
1 0.12996688741721854 0.43460264900662254 0.03145695364238411 0.03145695364238411
1 0.20281456953642385 0.28642384105960267 0.008278145695364239 0.023178807947019868
1 0.2706953642384106 0.3211920529801324 0.014900662251655629 0.019867549668874173
1 0.3658940397350993 0.2682119205298013 0.013245033112582781 0.006622516556291391
1 0.20198675496688742 0.4867549668874172 0.019867549668874173 0.023178807947019868
1 0.04552980132450331 0.527317880794702 0.02152317880794702 0.03145695364238411
1 0.018211920529801324 0.5587748344370861 0.016556291390728478 0.02152317880794702
0 0.016556291390728478 0.5579470198675497 0.013245033112582781 0.06291390728476821
1 0.020695364238410598 0.6837748344370861 0.011589403973509934 0.04966887417218543
1 0.018211920529801324 0.7706953642384106 0.016556291390728478 0.024834437086092714
1 0.04470198675496689 0.765728476821192 0.026490066225165563 0.028145695364238412
1 0.048013245033112585 0.9031456953642384 0.023178807947019868 0.028145695364238412
1 0.17798013245033112 0.7682119205298014 0.014900662251655629 0.033112582781456956
1 0.201158940397351 0.5355960264900662 0.028145695364238412 0.014900662251655629
1 0.20612582781456953 0.5720198675496688 0.028145695364238412 0.024834437086092714
1 0.19701986754966888 0.6043046357615894 0.013245033112582781 0.03642384105960265
0 0.201158940397351 0.5198675496688742 0.028145695364238412 0.033112582781456956
0 0.2052980132450331 0.5662251655629139 0.029801324503311258 0.039735099337748346
1 0.1912251655629139 0.9809602649006622 0.011589403973509934 0.0380794701986755
0 0.3087748344370861 0.8708609271523179 0.02152317880794702 0.04304635761589404
1 0.3120860927152318 0.8849337748344371 0.014900662251655629 0.018211920529801324
1 0.27483443708609273 0.9337748344370861 0.023178807947019868 0.026490066225165563
1 0.31539735099337746 0.9561258278145696 0.024834437086092714 0.05132450331125828
1 0.29387417218543044 0.47019867549668876 0.004966887417218543 0.013245033112582781
1 0.2847682119205298 0.515728476821192 0.013245033112582781 0.024834437086092714
1 0.2855960264900662 0.4900662251655629 0.008278145695364239 0.016556291390728478
1 0.2533112582781457 0.4759933774834437 0.019867549668874173 0.03145695364238411
0 0.298841059602649 0.472682119205298 0.018211920529801324 0.014900662251655629
0 0.29304635761589404 0.4925496688741722 0.023178807947019868 0.014900662251655629
0 0.28807947019867547 0.5339403973509934 0.019867549668874173 0.061258278145695365
1 0.4991721854304636 0.8634105960264901 0.03145695364238411 0.028145695364238412
1 0.5223509933774835 0.6266556291390728 0.011589403973509934 0.018211920529801324
1 0.5115894039735099 0.8932119205298014 0.023178807947019868 0.028145695364238412
1 0.5091059602649006 0.9470198675496688 0.018211920529801324 0.03642384105960265
1 0.6531456953642384 0.5637417218543046 0.008278145695364239 0.02152317880794702
1 0.6697019867549668 0.5993377483443708 0.011589403973509934 0.013245033112582781
1 0.6572847682119205 0.6912251655629139 0.009933774834437087 0.018211920529801324
0 0.6556291390728477 0.554635761589404 0.013245033112582781 0.039735099337748346
0 0.6548013245033113 0.6937086092715232 0.014900662251655629 0.0728476821192053
0 0.6490066225165563 0.9370860927152318 0.019867549668874173 0.06622516556291391
1 0.8004966887417219 0.8783112582781457 0.02152317880794702 0.024834437086092714
1 0.777317880794702 0.8327814569536424 0.008278145695364239 0.019867549668874173
0 0.777317880794702 0.8509933774834437 0.014900662251655629 0.052980132450331126
0 0.798841059602649 0.8890728476821192 0.018211920529801324 0.08609271523178808
1 0.8187086092715232 0.8650662251655629 0.018211920529801324 0.03145695364238411
1 0.8377483443708609 0.8816225165562914 0.023178807947019868 0.014900662251655629
1 0.8625827814569537 0.8874172185430463 0.013245033112582781 0.023178807947019868
1 0.8377483443708609 0.9006622516556292 0.023178807947019868 0.013245033112582781
1 0.8096026490066225 0.9536423841059603 0.026490066225165563 0.023178807947019868
1 0.7731788079470199 0.9735099337748344 0.009933774834437087 0.013245033112582781
1 0.7649006622516556 0.9875827814569537 0.013245033112582781 0.024834437086092714
1 0.9817880794701986 0.9875827814569537 0.013245033112582781 0.024834437086092714
0 0.9784768211920529 0.9867549668874173 0.023178807947019868 0.026490066225165563
1 0.9917218543046358 0.7632450331125827 0.016556291390728478 0.023178807947019868
1 0.9925496688741722 0.8369205298013245 0.014900662251655629 0.011589403973509934
0 0.9875827814569537 0.8427152317880795 0.024834437086092714 0.026490066225165563
1 0.9892384105960265 0.8816225165562914 0.02152317880794702 0.014900662251655629
1 0.9801324503311258 0.9279801324503312 0.016556291390728478 0.018211920529801324
0 0.9751655629139073 0.9321192052980133 0.023178807947019868 0.026490066225165563
1 0.8137417218543046 0.9966887417218543 0.02152317880794702 0.006622516556291391
1 0.19950331125827814 0.7400662251655629 0.011589403973509934 0.023178807947019868
1 0.31870860927152317 0.31870860927152317 0.011589403973509934 0.008278145695364239
1 0.48013245033112584 0.7011589403973509 0.006622516556291391 0.02152317880794702
1 0.48096026490066224 0.793046357615894 0.004966887417218543 0.016556291390728478
