1 0.09933774834437085 0.28311258278145696 0.029801324503311258 0.033112582781456956
1 0.07450331125827815 0.3079470198675497 0.023178807947019868 0.023178807947019868
1 0.0836092715231788 0.34105960264900664 0.03145695364238411 0.029801324503311258
1 0.12831125827814568 0.2855960264900662 0.008278145695364239 0.008278145695364239
1 0.125 0.3302980132450331 0.018211920529801324 0.011589403973509934
1 0.12086092715231789 0.3716887417218543 0.023178807947019868 0.018211920529801324
1 0.09271523178807947 0.37748344370860926 0.019867549668874173 0.019867549668874173
1 0.02152317880794702 0.42549668874172186 0.039735099337748346 0.023178807947019868
1 0.11589403973509933 0.40894039735099336 0.016556291390728478 0.023178807947019868
1 0.12665562913907286 0.48758278145695366 0.018211920529801324 0.03145695364238411
1 0.13741721854304637 0.46688741721854304 0.013245033112582781 0.016556291390728478
1 0.014072847682119206 0.5107615894039735 0.024834437086092714 0.024834437086092714
1 0.024834437086092714 0.5802980132450332 0.03642384105960265 0.041390728476821195
1 0.07781456953642384 0.5538079470198676 0.026490066225165563 0.024834437086092714
1 0.07864238410596026 0.7044701986754967 0.018211920529801324 0.014900662251655629
1 0.15811258278145696 0.6978476821192053 0.014900662251655629 0.011589403973509934
0 0.16225165562913907 0.6870860927152318 0.04966887417218543 0.029801324503311258
1 0.12831125827814568 0.7168874172185431 0.008278145695364239 0.019867549668874173
0 0.13493377483443708 0.7160596026490066 0.024834437086092714 0.02152317880794702
1 0.08112582781456953 0.7251655629139073 0.019867549668874173 0.019867549668874173
0 0.07864238410596026 0.734271523178808 0.02152317880794702 0.0347682119205298
1 0.1216887417218543 0.7632450331125827 0.02152317880794702 0.039735099337748346
0 0.12251655629139073 0.7599337748344371 0.039735099337748346 0.056291390728476824
1 0.08195364238410596 0.7864238410596026 0.014900662251655629 0.006622516556291391
0 0.076158940397351 0.7872516556291391 0.029801324503311258 0.028145695364238412
1 0.022350993377483443 0.8493377483443708 0.008278145695364239 0.013245033112582781
1 0.008278145695364239 0.8865894039735099 0.013245033112582781 0.028145695364238412
1 0.12086092715231789 0.8832781456953642 0.019867549668874173 0.014900662251655629
1 0.04056291390728477 0.9254966887417219 0.011589403973509934 0.013245033112582781
0 0.03394039735099338 0.9370860927152318 0.02152317880794702 0.033112582781456956
1 0.033112582781456956 0.9859271523178808 0.023178807947019868 0.02152317880794702
1 0.152317880794702 0.9122516556291391 0.019867549668874173 0.016556291390728478
1 0.16887417218543047 0.9188741721854304 0.009933774834437087 0.013245033112582781
1 0.1804635761589404 0.9254966887417219 0.006622516556291391 0.013245033112582781
1 0.22350993377483444 0.9884105960264901 0.016556291390728478 0.023178807947019868
1 0.2541390728476821 0.4925496688741722 0.008278145695364239 0.018211920529801324
1 0.29221854304635764 0.35513245033112584 0.011589403973509934 0.018211920529801324
1 0.2996688741721854 0.36837748344370863 0.019867549668874173 0.028145695364238412
1 0.3029801324503311 0.3369205298013245 0.009933774834437087 0.011589403973509934
1 0.277317880794702 0.41887417218543044 0.011589403973509934 0.016556291390728478
1 0.2806291390728477 0.4329470198675497 0.011589403973509934 0.014900662251655629
0 0.2740066225165563 0.44370860927152317 0.024834437086092714 0.029801324503311258
1 0.26903973509933776 0.4768211920529801 0.011589403973509934 0.019867549668874173
1 0.2682119205298013 0.5538079470198676 0.013245033112582781 0.018211920529801324
1 0.2508278145695364 0.5637417218543046 0.011589403973509934 0.011589403973509934
1 0.27566225165562913 0.5190397350993378 0.008278145695364239 0.011589403973509934
1 0.24668874172185432 0.6365894039735099 0.013245033112582781 0.028145695364238412
1 0.24172185430463577 0.7524834437086093 0.013245033112582781 0.011589403973509934
0 0.24254966887417218 0.7533112582781457 0.02152317880794702 0.04966887417218543
1 0.2293046357615894 0.7094370860927153 0.02152317880794702 0.024834437086092714
1 0.320364238410596 0.6009933774834437 0.024834437086092714 0.023178807947019868
1 0.3543046357615894 0.6200331125827815 0.033112582781456956 0.024834437086092714
1 0.3675496688741722 0.5463576158940397 0.029801324503311258 0.029801324503311258
1 0.2947019867549669 0.4602649006622517 0.019867549668874173 0.013245033112582781
1 0.38990066225165565 0.48923841059602646 0.018211920529801324 0.048013245033112585
1 0.24751655629139072 0.9908940397350994 0.018211920529801324 0.018211920529801324
0 0.24172185430463577 0.640728476821192 0.026490066225165563 0.033112582781456956
1 0.34271523178807944 0.6721854304635762 0.026490066225165563 0.019867549668874173
1 0.3120860927152318 0.3021523178807947 0.014900662251655629 0.014900662251655629
1 0.5562913907284768 0.2806291390728477 0.013245033112582781 0.011589403973509934
1 0.548841059602649 0.3029801324503311 0.018211920529801324 0.016556291390728478
1 0.31374172185430466 0.8071192052980133 0.018211920529801324 0.024834437086092714
1 0.34188741721854304 0.8302980132450332 0.028145695364238412 0.008278145695364239
1 0.37665562913907286 0.798841059602649 0.018211920529801324 0.018211920529801324
1 0.42218543046357615 0.7127483443708609 0.016556291390728478 0.024834437086092714
1 0.5008278145695364 0.49751655629139074 0.014900662251655629 0.018211920529801324
1 0.49337748344370863 0.5985099337748344 0.013245033112582781 0.0380794701986755
1 0.5223509933774835 0.5587748344370861 0.028145695364238412 0.014900662251655629
1 0.4693708609271523 0.5496688741721855 0.028145695364238412 0.039735099337748346
0 0.49420529801324503 0.5877483443708609 0.018211920529801324 0.06291390728476821
1 0.48758278145695366 0.6365894039735099 0.024834437086092714 0.011589403973509934
1 0.402317880794702 0.7798013245033113 0.026490066225165563 0.009933774834437087
0 0.40811258278145696 0.7872516556291391 0.0380794701986755 0.02152317880794702
1 0.4197019867549669 0.8087748344370861 0.02152317880794702 0.011589403973509934
1 0.3923841059602649 0.8228476821192053 0.013245033112582781 0.016556291390728478
1 0.5099337748344371 0.8302980132450332 0.026490066225165563 0.04470198675496689
1 0.5322847682119205 0.7276490066225165 0.0347682119205298 0.0347682119205298
1 0.5124172185430463 0.4279801324503311 0.018211920529801324 0.024834437086092714
1 0.5612582781456954 0.4718543046357616 0.019867549668874173 0.029801324503311258
1 0.5596026490066225 0.5198675496688742 0.013245033112582781 0.023178807947019868
0 0.527317880794702 0.5645695364238411 0.0380794701986755 0.033112582781456956
1 0.7284768211920529 0.28228476821192056 0.026490066225165563 0.028145695364238412
1 0.7110927152317881 0.3129139072847682 0.011589403973509934 0.019867549668874173
0 0.7144039735099338 0.3162251655629139 0.018211920529801324 0.026490066225165563
1 0.6357615894039735 0.3667218543046358 0.023178807947019868 0.011589403973509934
1 0.6688741721854304 0.38741721854304634 0.03642384105960265 0.023178807947019868
1 0.6812913907284768 0.4105960264900662 0.018211920529801324 0.019867549668874173
1 0.6995033112582781 0.353476821192053 0.018211920529801324 0.0347682119205298
1 0.6995033112582781 0.4337748344370861 0.02152317880794702 0.023178807947019868
1 0.8137417218543046 0.3973509933774834 0.014900662251655629 0.016556291390728478
0 0.8087748344370861 0.4197019867549669 0.0380794701986755 0.06456953642384106
1 0.7731788079470199 0.4768211920529801 0.026490066225165563 0.026490066225165563
1 0.7011589403973509 0.5397350993377483 0.011589403973509934 0.033112582781456956
1 0.7028145695364238 0.5943708609271523 0.02152317880794702 0.039735099337748346
1 0.7350993377483444 0.6365894039735099 0.023178807947019868 0.0347682119205298
1 0.6862582781456954 0.6357615894039735 0.0347682119205298 0.019867549668874173
1 0.6779801324503312 0.6564569536423841 0.04470198675496689 0.018211920529801324
1 0.6862582781456954 0.7003311258278145 0.0380794701986755 0.023178807947019868
1 0.7408940397350994 0.6663907284768212 0.03145695364238411 0.011589403973509934
1 0.7665562913907285 0.6862582781456954 0.013245033112582781 0.0380794701986755
1 0.7392384105960265 0.7135761589403974 0.02152317880794702 0.019867549668874173
1 0.7698675496688742 0.5960264900662252 0.019867549668874173 0.023178807947019868
1 0.7897350993377483 0.5571192052980133 0.023178807947019868 0.024834437086092714
1 0.7955298013245033 0.5347682119205298 0.011589403973509934 0.033112582781456956
1 0.8137417218543046 0.5 0.011589403973509934 0.029801324503311258
0 0.8071192052980133 0.5066225165562914 0.024834437086092714 0.03642384105960265
1 0.8460264900662252 0.33774834437086093 0.009933774834437087 0.009933774834437087
1 0.9354304635761589 0.34933774834437087 0.013245033112582781 0.029801324503311258
1 0.9097682119205298 0.543046357615894 0.008278145695364239 0.029801324503311258
1 0.8882450331125827 0.5869205298013245 0.011589403973509934 0.018211920529801324
1 0.8899006622516556 0.6879139072847682 0.014900662251655629 0.024834437086092714
1 0.6829470198675497 0.8716887417218543 0.011589403973509934 0.02152317880794702
1 0.6779801324503312 0.9139072847682119 0.02152317880794702 0.04304635761589404
1 0.6672185430463576 0.9577814569536424 0.016556291390728478 0.011589403973509934
1 0.8145695364238411 0.8112582781456954 0.019867549668874173 0.019867549668874173
1 0.8195364238410596 0.8973509933774835 0.016556291390728478 0.052980132450331126
1 0.8543046357615894 0.7839403973509934 0.019867549668874173 0.03145695364238411
0 0.8617549668874173 0.7673841059602649 0.041390728476821195 0.06456953642384106
1 0.8890728476821192 0.7947019867549668 0.026490066225165563 0.019867549668874173
1 0.929635761589404 0.7731788079470199 0.014900662251655629 0.023178807947019868
1 0.9511589403973509 0.7955298013245033 0.024834437086092714 0.02152317880794702
1 0.9809602649006622 0.7897350993377483 0.0380794701986755 0.033112582781456956
1 0.8874172185430463 0.8973509933774835 0.023178807947019868 0.029801324503311258
1 0.8394039735099338 0.30132450331125826 0.019867549668874173 0.029801324503311258
1 0.8443708609271523 0.36009933774834435 0.013245033112582781 0.018211920529801324
