1 0.057119205298013245 0.02152317880794702 0.02152317880794702 0.009933774834437087
1 0.09105960264900662 0.018211920529801324 0.016556291390728478 0.013245033112582781
1 0.07533112582781457 0.024006622516556293 0.008278145695364239 0.008278145695364239
1 0.14817880794701987 0.0173841059602649 0.014900662251655629 0.018211920529801324
1 0.15562913907284767 0.03642384105960265 0.006622516556291391 0.016556291390728478
0 0.15149006622516556 0.0380794701986755 0.011589403973509934 0.023178807947019868
1 0.16556291390728478 0.07201986754966887 0.013245033112582781 0.024834437086092714
1 0.23427152317880795 0.05380794701986755 0.024834437086092714 0.024834437086092714
1 0.2326158940397351 0.006622516556291391 0.011589403973509934 0.009933774834437087
1 0.3394039735099338 0.029801324503311258 0.016556291390728478 0.019867549668874173
1 0.3650662251655629 0.04056291390728477 0.02152317880794702 0.024834437086092714
1 0.34188741721854304 0.08609271523178808 0.008278145695364239 0.023178807947019868
1 0.46274834437086093 0.10182119205298014 0.018211920529801324 0.03145695364238411
1 0.5397350993377483 0.11672185430463576 0.026490066225165563 0.018211920529801324
1 0.5960264900662252 0.17218543046357615 0.023178807947019868 0.016556291390728478
1 0.6382450331125827 0.19701986754966888 0.011589403973509934 0.019867549668874173
1 0.6100993377483444 0.1216887417218543 0.014900662251655629 0.028145695364238412
0 0.6134105960264901 0.10678807947019868 0.02152317880794702 0.061258278145695365
1 0.4420529801324503 0.19205298013245034 0.016556291390728478 0.023178807947019868
1 0.3758278145695364 0.2077814569536424 0.023178807947019868 0.018211920529801324
0 0.38658940397350994 0.20281456953642385 0.048013245033112585 0.03145695364238411
1 0.34105960264900664 0.16225165562913907 0.023178807947019868 0.023178807947019868
1 0.3617549668874172 0.16225165562913907 0.018211920529801324 0.019867549668874173
1 0.1945364238410596 0.173841059602649 0.011589403973509934 0.016556291390728478
0 0.20281456953642385 0.16556291390728478 0.03145695364238411 0.039735099337748346
1 0.009105960264900662 0.19701986754966888 0.014900662251655629 0.033112582781456956
1 0.27897350993377484 0.3120860927152318 0.02152317880794702 0.03145695364238411
1 0.16473509933774835 0.30132450331125826 0.014900662251655629 0.026490066225165563
1 0.1879139072847682 0.38658940397350994 0.018211920529801324 0.024834437086092714
1 0.3220198675496689 0.36258278145695366 0.02152317880794702 0.019867549668874173
1 0.445364238410596 0.37665562913907286 0.016556291390728478 0.03145695364238411
1 0.47102649006622516 0.22433774834437087 0.014900662251655629 0.014900662251655629
1 0.5993377483443708 0.20860927152317882 0.009933774834437087 0.019867549668874173
1 0.5794701986754967 0.23096026490066224 0.016556291390728478 0.014900662251655629
1 0.5571192052980133 0.26158940397350994 0.014900662251655629 0.009933774834437087
1 0.472682119205298 0.31539735099337746 0.024834437086092714 0.028145695364238412
1 0.48758278145695366 0.277317880794702 0.008278145695364239 0.008278145695364239
0 0.48841059602649006 0.28807947019867547 0.033112582781456956 0.033112582781456956
1 0.6142384105960265 0.402317880794702 0.009933774834437087 0.009933774834437087
0 0.6117549668874173 0.39486754966887416 0.018211920529801324 0.028145695364238412
1 0.6283112582781457 0.3783112582781457 0.018211920529801324 0.011589403973509934
1 0.6862582781456954 0.36258278145695366 0.018211920529801324 0.019867549668874173
0 0.6846026490066225 0.3543046357615894 0.018211920529801324 0.03642384105960265
1 0.423841059602649 0.4147350993377483 0.016556291390728478 0.014900662251655629
0 0.41721854304635764 0.41142384105960267 0.033112582781456956 0.028145695364238412
1 0.48923841059602646 0.48509933774834435 0.03145695364238411 0.026490066225165563
0 0.4958609271523179 0.4966887417218543 0.04470198675496689 0.046357615894039736
1 0.44039735099337746 0.5091059602649006 0.016556291390728478 0.011589403973509934
1 0.3360927152317881 0.5331125827814569 0.006622516556291391 0.033112582781456956
0 0.34602649006622516 0.5447019867549668 0.029801324503311258 0.052980132450331126
1 0.12748344370860928 0.4288079470198676 0.019867549668874173 0.019867549668874173
1 0.012417218543046357 0.3791390728476821 0.018211920529801324 0.019867549668874173
1 0.0074503311258278145 0.3435430463576159 0.011589403973509934 0.014900662251655629
0 0.008278145695364239 0.3509933774834437 0.013245033112582781 0.023178807947019868
1 0.023178807947019868 0.4420529801324503 0.04304635761589404 0.033112582781456956
1 0.16556291390728478 0.46605960264900664 0.013245033112582781 0.011589403973509934
1 0.05380794701986755 0.5620860927152318 0.018211920529801324 0.018211920529801324
1 0.009105960264900662 0.6150662251655629 0.014900662251655629 0.02152317880794702
1 0.15397350993377484 0.6581125827814569 0.016556291390728478 0.018211920529801324
1 0.28642384105960267 0.5670529801324503 0.009933774834437087 0.014900662251655629
0 0.28311258278145696 0.5687086092715232 0.019867549668874173 0.018211920529801324
1 0.45695364238410596 0.6374172185430463 0.033112582781456956 0.019867549668874173
1 0.46771523178807944 0.6804635761589404 0.014900662251655629 0.019867549668874173
1 0.7160596026490066 0.25496688741721857 0.018211920529801324 0.009933774834437087
1 0.7483443708609272 0.20033112582781457 0.023178807947019868 0.016556291390728478
1 0.7715231788079471 0.10678807947019868 0.009933774834437087 0.018211920529801324
1 0.8567880794701986 0.17218543046357615 0.03145695364238411 0.023178807947019868
1 0.9155629139072847 0.1771523178807947 0.023178807947019868 0.016556291390728478
0 0.9213576158940397 0.1763245033112583 0.0380794701986755 0.018211920529801324
1 0.9677152317880795 0.16142384105960264 0.014900662251655629 0.014900662251655629
1 0.9718543046357616 0.026490066225165563 0.013245033112582781 0.019867549668874173
0 0.9793046357615894 0.029801324503311258 0.03145695364238411 0.023178807947019868
1 0.9942052980132451 0.050496688741721855 0.011589403973509934 0.018211920529801324
1 0.7524834437086093 0.0033112582781456954 0.014900662251655629 0.0033112582781456954
1 0.8874172185430463 0.31125827814569534 0.019867549668874173 0.04966887417218543
1 0.9718543046357616 0.38079470198675497 0.019867549668874173 0.023178807947019868
1 0.9205298013245033 0.40811258278145696 0.016556291390728478 0.018211920529801324
1 0.9197019867549668 0.43129139072847683 0.03145695364238411 0.018211920529801324
1 0.9271523178807947 0.4420529801324503 0.016556291390728478 0.006622516556291391
1 0.9693708609271523 0.5596026490066225 0.018211920529801324 0.013245033112582781
1 0.9784768211920529 0.5720198675496688 0.013245033112582781 0.014900662251655629
1 0.923841059602649 0.5571192052980133 0.023178807947019868 0.011589403973509934
1 0.9097682119205298 0.570364238410596 0.024834437086092714 0.011589403973509934
1 0.984271523178808 0.6390728476821192 0.02152317880794702 0.013245033112582781
1 0.9991721854304636 0.6150662251655629 0.0016556291390728477 0.008278145695364239
1 0.8294701986754967 0.5 0.013245033112582781 0.026490066225165563
1 0.7922185430463576 0.45364238410596025 0.014900662251655629 0.013245033112582781
1 0.5927152317880795 0.48923841059602646 0.016556291390728478 0.014900662251655629
1 0.5306291390728477 0.5786423841059603 0.014900662251655629 0.02152317880794702
1 0.6341059602649006 0.6456953642384106 0.023178807947019868 0.019867549668874173
1 0.7326158940397351 0.6647350993377483 0.008278145695364239 0.018211920529801324
1 0.7317880794701986 0.695364238410596 0.006622516556291391 0.013245033112582781
1 0.8278145695364238 0.6630794701986755 0.013245033112582781 0.008278145695364239
1 0.6225165562913907 0.44370860927152317 0.009933774834437087 0.023178807947019868
1 0.6084437086092715 0.4412251655629139 0.011589403973509934 0.03145695364238411
1 0.7756622516556292 0.4031456953642384 0.011589403973509934 0.024834437086092714
1 0.7591059602649006 0.39486754966887416 0.014900662251655629 0.02152317880794702
1 0.47019867549668876 0.4155629139072848 0.009933774834437087 0.013245033112582781
1 0.7201986754966887 0.5041390728476821 0.023178807947019868 0.011589403973509934
1 0.6788079470198676 0.6158940397350994 0.013245033112582781 0.023178807947019868
1 0.20860927152317882 0.5985099337748344 0.009933774834437087 0.018211920529801324
1 0.36258278145695366 0.7185430463576159 0.009933774834437087 0.016556291390728478
1 0.38162251655629137 0.7251655629139073 0.011589403973509934 0.016556291390728478
1 0.14155629139072848 0.6274834437086093 0.018211920529801324 0.013245033112582781
0 0.36423841059602646 0.7218543046357616 0.016556291390728478 0.026490066225165563
1 0.6415562913907285 0.679635761589404 0.018211920529801324 0.018211920529801324
1 0.472682119205298 0.060430463576158944 0.011589403973509934 0.011589403973509934
0 0.3269867549668874 0.028973509933774833 0.048013245033112585 0.014900662251655629
1 0.15397350993377484 0.6754966887417219 0.019867549668874173 0.019867549668874173
