1 0.016556291390728478 0.004966887417218543 0.029801324503311258 0.006622516556291391
1 0.015728476821192054 0.04470198675496689 0.028145695364238412 0.023178807947019868
1 0.173841059602649 0.011589403973509934 0.016556291390728478 0.019867549668874173
1 0.1490066225165563 0.1763245033112583 0.013245033112582781 0.014900662251655629
1 0.0173841059602649 0.1390728476821192 0.018211920529801324 0.019867549668874173
1 0.015728476821192054 0.20695364238410596 0.011589403973509934 0.033112582781456956
1 0.2152317880794702 0.11920529801324503 0.033112582781456956 0.033112582781456956
1 0.20447019867549668 0.15314569536423842 0.011589403973509934 0.018211920529801324
1 0.19619205298013245 0.17301324503311258 0.018211920529801324 0.014900662251655629
1 0.018211920529801324 0.1605960264900662 0.009933774834437087 0.009933774834437087
0 0.018211920529801324 0.12831125827814568 0.013245033112582781 0.04470198675496689
1 0.052152317880794705 0.27483443708609273 0.008278145695364239 0.03642384105960265
1 0.03559602649006623 0.28311258278145696 0.008278145695364239 0.013245033112582781
0 0.03642384105960265 0.26490066225165565 0.013245033112582781 0.059602649006622516
1 0.011589403973509934 0.35596026490066224 0.019867549668874173 0.023178807947019868
1 0.076158940397351 0.31456953642384106 0.009933774834437087 0.019867549668874173
1 0.0836092715231788 0.39486754966887416 0.024834437086092714 0.018211920529801324
1 0.062086092715231786 0.451158940397351 0.0380794701986755 0.008278145695364239
1 0.061258278145695365 0.46274834437086093 0.023178807947019868 0.011589403973509934
1 0.07450331125827815 0.5190397350993378 0.013245033112582781 0.024834437086092714
1 0.024006622516556293 0.5389072847682119 0.018211920529801324 0.011589403973509934
1 0.061258278145695365 0.5380794701986755 0.013245033112582781 0.009933774834437087
1 0.15480132450331127 0.40894039735099336 0.011589403973509934 0.013245033112582781
1 0.15728476821192053 0.40480132450331124 0.039735099337748346 0.061258278145695365
1 0.1216887417218543 0.4147350993377483 0.02152317880794702 0.02152317880794702
0 0.11754966887417219 0.4031456953642384 0.033112582781456956 0.05132450331125828
1 0.1870860927152318 0.3609271523178808 0.013245033112582781 0.016556291390728478
0 0.20198675496688742 0.3394039735099338 0.04304635761589404 0.06291390728476821
1 0.2673841059602649 0.3518211920529801 0.018211920529801324 0.02152317880794702
0 0.2533112582781457 0.33857615894039733 0.04966887417218543 0.05132450331125828
1 0.07947019867549669 0.5720198675496688 0.016556291390728478 0.03145695364238411
1 0.0041390728476821195 0.6763245033112583 0.004966887417218543 0.014900662251655629
1 0.0033112582781456954 0.7872516556291391 0.0033112582781456954 0.011589403973509934
1 0.0074503311258278145 0.9188741721854304 0.011589403973509934 0.009933774834437087
1 0.012417218543046357 0.9304635761589404 0.011589403973509934 0.009933774834437087
1 0.019867549668874173 0.9834437086092715 0.006622516556291391 0.013245033112582781
1 0.023178807947019868 0.8567880794701986 0.009933774834437087 0.02152317880794702
1 0.0836092715231788 0.8344370860927153 0.03145695364238411 0.019867549668874173
1 0.1076158940397351 0.7185430463576159 0.023178807947019868 0.019867549668874173
1 0.15314569536423842 0.7516556291390728 0.018211920529801324 0.019867549668874173
1 0.16804635761589404 0.8071192052980133 0.011589403973509934 0.028145695364238412
1 0.1978476821192053 0.9139072847682119 0.02152317880794702 0.023178807947019868
1 0.18460264900662252 0.9685430463576159 0.011589403973509934 0.019867549668874173
0 0.18543046357615894 0.9644039735099338 0.013245033112582781 0.0347682119205298
1 0.20198675496688742 0.7259933774834437 0.023178807947019868 0.02152317880794702
0 0.20033112582781457 0.7309602649006622 0.023178807947019868 0.0380794701986755
1 0.24834437086092714 0.7557947019867549 0.023178807947019868 0.004966887417218543
0 0.24503311258278146 0.7557947019867549 0.039735099337748346 0.014900662251655629
1 0.2764900662251656 0.7682119205298014 0.013245033112582781 0.016556291390728478
1 0.29304635761589404 0.7549668874172185 0.019867549668874173 0.009933774834437087
1 0.1630794701986755 0.6018211920529801 0.014900662251655629 0.014900662251655629
1 0.17218543046357615 0.625 0.009933774834437087 0.0347682119205298
1 0.3054635761589404 0.5993377483443708 0.011589403973509934 0.039735099337748346
1 0.28807947019867547 0.8211920529801324 0.019867549668874173 0.023178807947019868
1 0.3162251655629139 0.9122516556291391 0.013245033112582781 0.03642384105960265
1 0.42218543046357615 0.9039735099337748 0.013245033112582781 0.019867549668874173
0 0.42218543046357615 0.9163907284768212 0.013245033112582781 0.054635761589403975
1 0.271523178807947 0.9503311258278145 0.03642384105960265 0.019867549668874173
1 0.298841059602649 0.9685430463576159 0.011589403973509934 0.023178807947019868
1 0.40397350993377484 0.9942052980132451 0.013245033112582781 0.011589403973509934
1 0.543046357615894 0.9942052980132451 0.013245033112582781 0.011589403973509934
1 0.6415562913907285 0.9105960264900662 0.011589403973509934 0.009933774834437087
0 0.6440397350993378 0.918046357615894 0.013245033112582781 0.02152317880794702
1 0.6283112582781457 0.9279801324503312 0.024834437086092714 0.03145695364238411
1 0.39403973509933776 0.7864238410596026 0.033112582781456956 0.013245033112582781
1 0.41225165562913907 0.7955298013245033 0.016556291390728478 0.014900662251655629
1 0.44370860927152317 0.7905629139072847 0.023178807947019868 0.03145695364238411
1 0.48758278145695366 0.8253311258278145 0.024834437086092714 0.028145695364238412
1 0.5447019867549668 0.804635761589404 0.026490066225165563 0.04304635761589404
1 0.5637417218543046 0.8551324503311258 0.014900662251655629 0.024834437086092714
1 0.5860927152317881 0.8658940397350994 0.016556291390728478 0.019867549668874173
1 0.4370860927152318 0.6697019867549668 0.013245033112582781 0.024834437086092714
1 0.3369205298013245 0.5231788079470199 0.018211920529801324 0.023178807947019868
1 0.19950331125827814 0.4503311258278146 0.02152317880794702 0.019867549668874173
1 0.16804635761589404 0.4544701986754967 0.0380794701986755 0.014900662251655629
1 0.3576158940397351 0.039735099337748346 0.023178807947019868 0.033112582781456956
1 0.3509933774834437 0.09188741721854304 0.03642384105960265 0.024834437086092714
1 0.24420529801324503 0.22682119205298013 0.011589403973509934 0.019867549668874173
1 0.2632450331125828 0.18956953642384106 0.016556291390728478 0.014900662251655629
1 0.33195364238410596 0.2599337748344371 0.011589403973509934 0.019867549668874173
0 0.32864238410596025 0.2582781456953642 0.018211920529801324 0.023178807947019868
1 0.36009933774834435 0.27483443708609273 0.011589403973509934 0.009933774834437087
1 0.40811258278145696 0.24172185430463577 0.014900662251655629 0.019867549668874173
1 0.5049668874172185 0.11092715231788079 0.009933774834437087 0.026490066225165563
1 0.6332781456953642 0.12582781456953643 0.011589403973509934 0.039735099337748346
1 0.7417218543046358 0.041390728476821195 0.016556291390728478 0.026490066225165563
1 0.48509933774834435 0.35016556291390727 0.009933774834437087 0.014900662251655629
0 0.4908940397350993 0.3485099337748344 0.028145695364238412 0.028145695364238412
1 0.5041390728476821 0.3360927152317881 0.02152317880794702 0.013245033112582781
1 0.32864238410596025 0.3841059602649007 0.014900662251655629 0.009933774834437087
0 0.32367549668874174 0.3923841059602649 0.03145695364238411 0.03642384105960265
1 0.3543046357615894 0.3783112582781457 0.013245033112582781 0.014900662251655629
0 0.35596026490066224 0.3741721854304636 0.023178807947019868 0.023178807947019868
1 0.3849337748344371 0.37665562913907286 0.014900662251655629 0.02152317880794702
1 0.4097682119205298 0.4205298013245033 0.011589403973509934 0.019867549668874173
1 0.28228476821192056 0.4958609271523179 0.02152317880794702 0.014900662251655629
1 0.26986754966887416 0.5447019867549668 0.016556291390728478 0.023178807947019868
1 0.31788079470198677 0.5596026490066225 0.023178807947019868 0.023178807947019868
1 0.2905629139072848 0.5538079470198676 0.014900662251655629 0.011589403973509934
0 0.29387417218543044 0.5587748344370861 0.024834437086092714 0.028145695364238412
1 0.44867549668874174 0.5794701986754967 0.013245033112582781 0.009933774834437087
1 0.4288079470198676 0.5836092715231788 0.009933774834437087 0.008278145695364239
0 0.43625827814569534 0.570364238410596 0.0380794701986755 0.024834437086092714
1 0.42632450331125826 0.5438741721854304 0.011589403973509934 0.008278145695364239
1 0.44867549668874174 0.5339403973509934 0.013245033112582781 0.011589403973509934
0 0.44950331125827814 0.5413907284768212 0.014900662251655629 0.023178807947019868
1 0.5662251655629139 0.33112582781456956 0.016556291390728478 0.016556291390728478
1 0.5240066225165563 0.36258278145695366 0.018211920529801324 0.009933774834437087
1 0.4925496688741722 0.6291390728476821 0.014900662251655629 0.023178807947019868
1 0.5074503311258278 0.6564569536423841 0.02152317880794702 0.014900662251655629
1 0.5314569536423841 0.7135761589403974 0.013245033112582781 0.023178807947019868
1 0.6655629139072847 0.8567880794701986 0.026490066225165563 0.028145695364238412
1 0.5885761589403974 0.5480132450331126 0.014900662251655629 0.023178807947019868
1 0.5024834437086093 0.4445364238410596 0.011589403973509934 0.014900662251655629
1 0.4644039735099338 0.451158940397351 0.011589403973509934 0.011589403973509934
0 0.48509933774834435 0.4337748344370861 0.023178807947019868 0.023178807947019868
1 0.543046357615894 0.46357615894039733 0.019867549668874173 0.009933774834437087
1 0.6216887417218543 0.46605960264900664 0.011589403973509934 0.014900662251655629
0 0.6183774834437086 0.46688741721854304 0.018211920529801324 0.023178807947019868
1 0.6821192052980133 0.45612582781456956 0.023178807947019868 0.018211920529801324
1 0.6423841059602649 0.6084437086092715 0.026490066225165563 0.03145695364238411
1 0.6291390728476821 0.6870860927152318 0.009933774834437087 0.026490066225165563
1 0.7168874172185431 0.49751655629139074 0.013245033112582781 0.024834437086092714
1 0.7475165562913907 0.5935430463576159 0.018211920529801324 0.024834437086092714
1 0.7317880794701986 0.6158940397350994 0.016556291390728478 0.019867549668874173
0 0.7384105960264901 0.5885761589403974 0.033112582781456956 0.041390728476821195
1 0.7442052980132451 0.15480132450331127 0.014900662251655629 0.03145695364238411
1 0.7533112582781457 0.08195364238410596 0.013245033112582781 0.011589403973509934
1 0.8269867549668874 0.054635761589403975 0.008278145695364239 0.016556291390728478
1 0.8708609271523179 0.1498344370860927 0.009933774834437087 0.024834437086092714
1 0.8857615894039735 0.15149006622516556 0.009933774834437087 0.011589403973509934
1 0.9172185430463576 0.20198675496688742 0.019867549668874173 0.023178807947019868
1 0.9048013245033113 0.21357615894039736 0.014900662251655629 0.016556291390728478
1 0.9172185430463576 0.22102649006622516 0.013245033112582781 0.011589403973509934
1 0.8551324503311258 0.38079470198675497 0.028145695364238412 0.026490066225165563
1 0.8129139072847682 0.5206953642384106 0.03642384105960265 0.024834437086092714
1 0.9089403973509934 0.40397350993377484 0.016556291390728478 0.016556291390728478
1 0.8667218543046358 0.402317880794702 0.018211920529801324 0.009933774834437087
0 0.8733443708609272 0.39983443708609273 0.028145695364238412 0.02152317880794702
1 0.7417218543046358 0.2433774834437086 0.009933774834437087 0.013245033112582781
1 0.6978476821192053 0.22433774834437087 0.02152317880794702 0.014900662251655629
1 0.6663907284768212 0.3228476821192053 0.011589403973509934 0.019867549668874173
1 0.9163907284768212 0.45778145695364236 0.0347682119205298 0.014900662251655629
1 0.8708609271523179 0.5 0.013245033112582781 0.009933774834437087
1 0.8501655629139073 0.5132450331125827 0.011589403973509934 0.016556291390728478
0 0.8692052980132451 0.5074503311258278 0.019867549668874173 0.024834437086092714
1 0.8741721854304636 0.5405629139072847 0.013245033112582781 0.018211920529801324
1 0.8915562913907285 0.527317880794702 0.018211920529801324 0.008278145695364239
1 0.8940397350993378 0.543046357615894 0.016556291390728478 0.016556291390728478
1 0.8990066225165563 0.5596026490066225 0.016556291390728478 0.013245033112582781
1 0.923841059602649 0.5894039735099338 0.013245033112582781 0.019867549668874173
1 0.9403973509933775 0.570364238410596 0.029801324503311258 0.02152317880794702
1 0.9801324503311258 0.4817880794701987 0.023178807947019868 0.006622516556291391
1 0.9743377483443708 0.5761589403973509 0.02152317880794702 0.016556291390728478
1 0.7276490066225165 0.8336092715231788 0.0347682119205298 0.018211920529801324
1 0.7201986754966887 0.8501655629139073 0.04304635761589404 0.024834437086092714
1 0.8195364238410596 0.8145695364238411 0.016556291390728478 0.023178807947019868
1 0.9089403973509934 0.6158940397350994 0.023178807947019868 0.016556291390728478
1 0.9271523178807947 0.6283112582781457 0.016556291390728478 0.024834437086092714
1 0.9288079470198676 0.6589403973509934 0.033112582781456956 0.03642384105960265
1 0.9817880794701986 0.6746688741721855 0.016556291390728478 0.014900662251655629
1 0.9536423841059603 0.6788079470198676 0.023178807947019868 0.019867549668874173
0 0.9652317880794702 0.6672185430463576 0.039735099337748346 0.03642384105960265
1 0.9958609271523179 0.6332781456953642 0.008278145695364239 0.004966887417218543
0 0.9884105960264901 0.6349337748344371 0.023178807947019868 0.014900662251655629
1 0.9685430463576159 0.7077814569536424 0.016556291390728478 0.018211920529801324
1 0.9503311258278145 0.7417218543046358 0.013245033112582781 0.009933774834437087
1 0.9263245033112583 0.8137417218543046 0.014900662251655629 0.018211920529801324
1 0.9097682119205298 0.8013245033112583 0.011589403973509934 0.029801324503311258
1 0.8286423841059603 0.8518211920529801 0.014900662251655629 0.02152317880794702
0 0.8195364238410596 0.8460264900662252 0.033112582781456956 0.033112582781456956
1 0.8162251655629139 0.8658940397350994 0.019867549668874173 0.026490066225165563
1 0.8617549668874173 0.8327814569536424 0.014900662251655629 0.016556291390728478
0 0.8642384105960265 0.8344370860927153 0.023178807947019868 0.029801324503311258
1 0.9072847682119205 0.8799668874172185 0.016556291390728478 0.02152317880794702
0 0.9039735099337748 0.8683774834437086 0.019867549668874173 0.04470198675496689
1 0.9925496688741722 0.8899006622516556 0.014900662251655629 0.028145695364238412
1 0.8004966887417219 0.9064569536423841 0.0347682119205298 0.028145695364238412
1 0.8211920529801324 0.9552980132450332 0.016556291390728478 0.026490066225165563
1 0.8327814569536424 0.9850993377483444 0.016556291390728478 0.029801324503311258
0 0.5504966887417219 0.46688741721854304 0.03145695364238411 0.016556291390728478
0 0.43543046357615894 0.6697019867549668 0.019867549668874173 0.024834437086092714
0 0.5049668874172185 0.10099337748344371 0.013245033112582781 0.04304635761589404
1 0.028973509933774833 0.08609271523178808 0.018211920529801324 0.019867549668874173
1 0.5082781456953642 0.46357615894039733 0.009933774834437087 0.009933774834437087
1 0.8120860927152318 0.49503311258278143 0.014900662251655629 0.013245033112582781
1 0.9867549668874173 0.8559602649006622 0.016556291390728478 0.006622516556291391
1 0.028973509933774833 0.9312913907284768 0.014900662251655629 0.011589403973509934
1 0.12251655629139073 0.445364238410596 0.009933774834437087 0.009933774834437087
1 0.3228476821192053 0.6688741721854304 0.009933774834437087 0.023178807947019868
0 0.46357615894039733 0.4519867549668874 0.019867549668874173 0.016556291390728478
