1 0.099609375 0.59765625 0.03515625 0.0234375
0 0.08203125 0.564453125 0.078125 0.10546875
1 0.1640625 0.576171875 0.046875 0.02734375
0 0.154296875 0.55859375 0.06640625 0.0625
1 0.19921875 0.25390625 0.0625 0.0546875
1 0.828125 0.404296875 0.03125 0.05859375
1 0.82421875 0.087890625 0.03125 0.02734375
1 0.529296875 0.220703125 0.05078125 0.05859375
1 0.353515625 0.359375 0.10546875 0.03125
1 0.3515625 0.39453125 0.0859375 0.0234375
1 0.130859375 0.296875 0.05078125 0.0546875
1 0.08203125 0.322265625 0.046875 0.05859375
1 0.109375 0.2265625 0.046875 0.046875
1 0.072265625 0.17578125 0.06640625 0.0625
1 0.70703125 0.4296875 0.046875 0.0703125
1 0.697265625 0.2109375 0.05078125 0.0390625
1 0.193359375 0.904296875 0.04296875 0.12109375
1 0.740234375 0.703125 0.02734375 0.0625
0 0.740234375 0.703125 0.03515625 0.125
1 0.6171875 0.859375 0.0234375 0.03125
0 0.62890625 0.8671875 0.046875 0.0859375
1 0.80859375 0.181640625 0.046875 0.06640625
1 0.12109375 0.7421875 0.0234375 0.0546875
1 0.01953125 0.978515625 0.03125 0.04296875
1 0.861328125 0.037109375 0.01953125 0.04296875
1 0.47265625 0.990234375 0.03125 0.01953125
1 0.205078125 0.990234375 0.01953125 0.01953125
1 0.609375 0.9921875 0.015625 0.015625
1 0.837890625 0.9921875 0.01953125 0.015625
1 0.375 0.57421875 0.046875 0.0234375
