1 0.841796875 0.03515625 0.01953125 0.0390625
0 0.849609375 0.05078125 0.04296875 0.09375
1 0.853515625 0.15625 0.05078125 0.0625
1 0.916015625 0.294921875 0.03515625 0.08203125
1 0.2265625 0.255859375 0.0390625 0.08984375
1 0.126953125 0.119140625 0.09765625 0.04296875
1 0.6484375 0.66015625 0.078125 0.0859375
1 0.572265625 0.697265625 0.04296875 0.08203125
1 0.51953125 0.76953125 0.0703125 0.0546875
1 0.146484375 0.78515625 0.10546875 0.0625
1 0.251953125 0.826171875 0.05078125 0.05078125
1 0.4375 0.876953125 0.09375 0.03515625
1 0.439453125 0.90625 0.09765625 0.046875
1 0.9296875 0.431640625 0.0390625 0.06640625
0 0.900390625 0.271484375 0.05859375 0.12109375
0 0.361328125 0.767578125 0.14453125 0.05078125
1 0.349609375 0.7734375 0.06640625 0.015625
1 0.21875 0.125 0.0625 0.0703125
1 0.216796875 0.03515625 0.03515625 0.0625
1 0.470703125 0.0390625 0.02734375 0.0703125
1 0.611328125 0.05078125 0.03515625 0.09375
1 0.888671875 0.6640625 0.01953125 0.0625
1 0.708984375 0.177734375 0.05078125 0.05078125
0 0.853515625 0.146484375 0.05859375 0.08203125
1 0.650390625 0.484375 0.01171875 0.0390625
