1 0.609375 0.041015625 0.0703125 0.05078125
1 0.8515625 0.123046875 0.0625 0.09765625
1 0.9453125 0.443359375 0.0546875 0.05859375
1 0.7734375 0.671875 0.0546875 0.0625
1 0.6015625 0.921875 0.046875 0.0390625
1 0.498046875 0.845703125 0.04296875 0.04296875
0 0.5234375 0.849609375 0.09375 0.05078125
1 0.072265625 0.89453125 0.03515625 0.03125
1 0.078125 0.927734375 0.0234375 0.02734375
1 0.126953125 0.95703125 0.04296875 0.0625
1 0.19921875 0.552734375 0.046875 0.05859375
1 0.05078125 0.361328125 0.0703125 0.05859375
1 0.50390625 0.283203125 0.0390625 0.04296875
0 0.486328125 0.263671875 0.07421875 0.08984375
1 0.80078125 0.033203125 0.046875 0.05859375
1 0.92578125 0.091796875 0.0546875 0.05078125
1 0.9765625 0.541015625 0.046875 0.07421875
1 0.013671875 0.728515625 0.01953125 0.04296875
1 0.474609375 0.98828125 0.04296875 0.0234375
1 0.1484375 0.9921875 0.046875 0.015625
1 0.39453125 0.138671875 0.015625 0.03515625
1 0.337890625 0.072265625 0.02734375 0.03515625
1 0.94921875 0.8359375 0.0234375 0.0390625
