1 0.048828125 0.056640625 0.05078125 0.03515625
1 0.16015625 0.146484375 0.03125 0.04296875
1 0.109375 0.236328125 0.046875 0.05078125
1 0.287109375 0.060546875 0.04296875 0.08984375
1 0.333984375 0.126953125 0.05078125 0.05078125
1 0.390625 0.103515625 0.0390625 0.03515625
1 0.46875 0.04296875 0.0546875 0.046875
1 0.75 0.1640625 0.0546875 0.0546875
1 0.79296875 0.07421875 0.046875 0.0546875
1 0.7265625 0.267578125 0.0703125 0.05859375
1 0.810546875 0.349609375 0.05078125 0.07421875
1 0.423828125 0.31640625 0.03515625 0.046875
1 0.505859375 0.341796875 0.05078125 0.05078125
1 0.560546875 0.3203125 0.05859375 0.0546875
1 0.251953125 0.505859375 0.04296875 0.03515625
1 0.544921875 0.517578125 0.03515625 0.08203125
1 0.7265625 0.541015625 0.0625 0.04296875
1 0.333984375 0.89453125 0.03515625 0.0390625
1 0.912109375 0.974609375 0.02734375 0.01953125
1 0.60546875 0.8828125 0.03125 0.03125
1 0.990234375 0.123046875 0.01953125 0.05078125
1 0.03515625 0.30078125 0.0625 0.0390625
1 0.134765625 0.609375 0.03515625 0.03125
1 0.57421875 0.017578125 0.078125 0.02734375
1 0.640625 0.025390625 0.03125 0.04296875
