1 0.150390625 0.078125 0.05078125 0.0390625
1 0.232421875 0.078125 0.08203125 0.0390625
1 0.29296875 0.4765625 0.0625 0.046875
1 0.966796875 0.087890625 0.03515625 0.07421875
1 0.951171875 0.162109375 0.07421875 0.05078125
1 0.640625 0.548828125 0.0625 0.03515625
1 0.177734375 0.853515625 0.07421875 0.04296875
1 0.720703125 0.896484375 0.03515625 0.05859375
1 0.921875 0.931640625 0.0625 0.05078125
0 0.42578125 0.390625 0.09375 0.1484375
0 0.396484375 0.203125 0.10546875 0.1875
1 0.89453125 0.572265625 0.03125 0.03515625
0 0.287109375 0.71875 0.04296875 0.0703125
1 0.296875 0.732421875 0.0234375 0.02734375
1 0.1796875 0.990234375 0.03125 0.01953125
1 0.724609375 0.98828125 0.03515625 0.015625
1 0.40234375 0.345703125 0.03125 0.01953125
1 0.421875 0.21484375 0.0234375 0.03125
0 0.6484375 0.533203125 0.078125 0.05859375
0 0.89453125 0.556640625 0.0390625 0.05859375
1 0.8046875 0.333984375 0.0546875 0.05078125
