1 0.212890625 0.5703125 0.05078125 0.0546875
1 0.14453125 0.58203125 0.046875 0.046875
0 0.205078125 0.658203125 0.06640625 0.13671875
0 0.390625 0.1015625 0.078125 0.09375
1 0.47265625 0.125 0.0546875 0.0703125
1 0.146484375 0.259765625 0.05078125 0.06640625
1 0.216796875 0.44140625 0.05859375 0.03125
0 0.220703125 0.396484375 0.03515625 0.01953125
1 0.529296875 0.61328125 0.02734375 0.1328125
1 0.791015625 0.5078125 0.03515625 0.0703125
1 0.77734375 0.154296875 0.0390625 0.06640625
1 0.783203125 0.892578125 0.07421875 0.05078125
1 0.880859375 0.861328125 0.05078125 0.05859375
1 0.509765625 0.71484375 0.05859375 0.0546875
1 0.8671875 0.7265625 0.0390625 0.0546875
1 0.82421875 0.62109375 0.03125 0.078125
0 0.841796875 0.78515625 0.09765625 0.1015625
1 0.3828125 0.080078125 0.03125 0.03515625
1 0.220703125 0.67578125 0.02734375 0.0703125
1 0.84375 0.75390625 0.0390625 0.0390625
1 0.51171875 0.927734375 0.0234375 0.04296875
1 0.984375 0.0625 0.03125 0.0703125
1 0.73046875 0.033203125 0.0390625 0.05859375
1 0.177734375 0.02734375 0.04296875 0.046875
1 0.21875 0.396484375 0.015625 0.01171875
