1 0.576171875 0.1796875 0.05859375 0.0625
1 0.341796875 0.23828125 0.03515625 0.0546875
1 0.322265625 0.283203125 0.06640625 0.05078125
1 0.275390625 0.31640625 0.05078125 0.0390625
1 0.033203125 0.30078125 0.05078125 0.046875
1 0.361328125 0.4921875 0.05078125 0.0625
1 0.244140625 0.5546875 0.02734375 0.0546875
1 0.373046875 0.818359375 0.05859375 0.05859375
0 0.57421875 0.275390625 0.0546875 0.07421875
1 0.65234375 0.44921875 0.046875 0.078125
1 0.80859375 0.453125 0.046875 0.0625
1 0.84765625 0.498046875 0.0390625 0.07421875
1 0.90625 0.59765625 0.0625 0.046875
1 0.96875 0.615234375 0.046875 0.05859375
1 0.927734375 0.83203125 0.05078125 0.09375
1 0.3515625 0.9296875 0.0625 0.1015625
1 0.265625 0.876953125 0.078125 0.04296875
1 0.083984375 0.9140625 0.08203125 0.046875
1 0.052734375 0.96484375 0.05078125 0.0703125
1 0.279296875 0.0390625 0.04296875 0.0703125
1 0.583984375 0.279296875 0.02734375 0.05859375
0 0.314453125 0.9296875 0.07421875 0.0859375
