1 0.3173455978975033 0.24347826086956523 0.01971090670170828 0.04173913043478261
1 0.2086070959264126 0.1582608695652174 0.03482260183968463 0.06434782608695652
1 0.40932982917214195 0.16782608695652174 0.017082785808147174 0.01391304347826087
0 0.40013140604467806 0.22347826086956524 0.051248357424441525 0.1391304347826087
0 0.876149802890933 0.2 0.04533508541392904 0.20695652173913046
0 0.735545335085414 0.5678260869565218 0.030880420499342972 0.09565217391304348
0 0.47930354796320634 0.6878260869565218 0.03613666228646518 0.08869565217391305
0 0.29106438896189224 0.8691304347826088 0.06307490144546649 0.0773913043478261
0 0.1514454664914586 0.6191304347826088 0.05847568988173456 0.05565217391304348
0 0.9914586070959265 0.9304347826086957 0.017082785808147174 0.059130434782608696
1 0.9842312746386334 0.7169565217391305 0.030223390275952694 0.02
1 0.7335742444152431 0.5382608695652175 0.015111695137976347 0.019130434782608695
1 0.46419185282522996 0.6969565217391305 0.007227332457293035 0.014782608695652174
1 0.8669513797634691 0.12869565217391304 0.022996057818659658 0.04869565217391304
1 0.7063074901445466 0.07521739130434783 0.01445466491458607 0.021739130434782608
0 0.7069645203679369 0.08869565217391305 0.03810775295663601 0.10434782608695653
1 0.5177398160315375 0.11347826086956522 0.05519053876478318 0.05478260869565218
1 0.3130749014454665 0.2926086956521739 0.011169513797634692 0.018260869565217393
1 0.31537450722733246 0.34521739130434786 0.04073587385019711 0.02434782608695652
1 0.2775952693823916 0.3721739130434783 0.021681997371879105 0.01217391304347826
1 0.13633377135348226 0.2604347826086957 0.013797634691195795 0.02
1 0.25229960578186594 0.03304347826086956 0.02628120893561104 0.019130434782608695
1 0.45860709592641263 0.401304347826087 0.024967148488830488 0.035652173913043476
1 0.628449408672799 0.4295652173913044 0.03350854139290407 0.04
1 0.7966491458607096 0.23521739130434782 0.022996057818659658 0.04956521739130435
1 0.9349540078843627 0.19086956521739132 0.02890932982917214 0.0391304347826087
1 0.9283837056504599 0.5491304347826087 0.03416557161629435 0.035652173913043476
1 0.8419842312746386 0.7247826086956523 0.0164257555847569 0.05304347826086957
1 0.8820630749014455 0.8678260869565217 0.022996057818659658 0.07304347826086957
1 0.6149802890932983 0.6004347826086956 0.023653088042049936 0.03739130434782609
1 0.12746386333771353 0.8495652173913044 0.06964520367936926 0.043478260869565216
1 0.049934296977660976 0.8373913043478262 0.02102496714848883 0.020869565217391306
1 0.012812089356110381 0.8217391304347826 0.02431011826544021 0.026086956521739132
1 0.015440210249671486 0.7404347826086957 0.02956636005256242 0.0391304347826087
1 0.728646517739816 0.7095652173913044 0.017082785808147174 0.06260869565217392
1 0.47700394218134035 0.8630434782608696 0.02890932982917214 0.044347826086956525
0 0.24802890932982918 0.6082608695652174 0.032194480946123524 0.03217391304347826
1 0.628449408672799 0.8143478260869565 0.015111695137976347 0.035652173913043476
0 0.6596583442838371 0.9834782608695652 0.01576872536136662 0.02434782608695652
1 0.9940867279894875 0.9195652173913044 0.009198423127463863 0.021739130434782608
1 0.6264783180026281 0.3756521739130435 0.020367936925098556 0.02434782608695652
1 0.18134034165571616 0.7582608695652174 0.01445466491458607 0.01565217391304348
1 0.0045992115637319315 0.5760869565217391 0.00788436268068331 0.06521739130434782
1 0.07982917214191854 0.9869565217391305 0.02431011826544021 0.026086956521739132
1 0.9448094612352168 0.30347826086956525 0.023653088042049936 0.019130434782608695
