0 0.1039344262295082 0.13668744434550312 0.057049180327868855 0.06322350845948352
0 0.22688524590163933 0.14559216384683882 0.08 0.05966162065894924
0 0.3242622950819672 0.2346393588601959 0.058360655737704915 0.06678539626001781
0 0.33311475409836067 0.2894033837934105 0.05508196721311476 0.037399821905609976
0 0.5672131147540984 0.4728406055209261 0.04590163934426229 0.05877114870881567
0 0.28885245901639345 0.5253784505788067 0.07540983606557378 0.0427426536064114
0 0.23573770491803278 0.672306322350846 0.038688524590163934 0.04452359750667854
0 0.2878688524590164 0.6438112199465716 0.057704918032786885 0.04630454140694568
0 0.3022950819672131 0.9051647373107747 0.05245901639344262 0.03294746215494212
0 0.3619672131147541 0.9234194122885129 0.05508196721311476 0.05699020480854853
0 0.41770491803278686 0.9434550311665182 0.04590163934426229 0.04719501335707925
0 0.5016393442622951 0.9630454140694568 0.030163934426229506 0.043633125556544965
0 0.6334426229508197 0.9292074799643811 0.1062295081967213 0.14158504007123776
0 0.7321311475409836 0.8860195903829029 0.026885245901639345 0.039180765805877114
0 0.21934426229508197 0.037399821905609976 0.03475409836065574 0.04452359750667854
0 0.8029508196721311 0.21059661620658948 0.04131147540983607 0.03294746215494212
0 0.9626229508196721 0.19991095280498664 0.04852459016393443 0.031166518254674976
0 0.9839344262295082 0.6647373107747105 0.03081967213114754 0.05075690115761353
0 0.9321311475409836 0.6344612644701692 0.07672131147540984 0.09706144256455922
1 0.013114754098360656 0.010240427426536063 0.024918032786885244 0.018699910952804988
1 0.09114754098360656 0.059216384683882455 0.028852459016393443 0.020480854853072127
1 0.30950819672131147 0.006678539626001781 0.024918032786885244 0.01157613535173642
1 0.3655737704918033 0.08103294746215493 0.04786885245901639 0.016028495102404273
1 0.6098360655737705 0.017809439002671415 0.03409836065573771 0.028495102404274265
1 0.8072131147540984 0.04719501335707925 0.02360655737704918 0.032056990204808546
1 0.8727868852459016 0.04140694568121104 0.02754098360655738 0.016918967052537846
1 0.9042622950819672 0.07034728406055209 0.03278688524590164 0.026714158504007122
1 0.6570491803278689 0.060552092609082814 0.024918032786885244 0.016028495102404273
1 0.49475409836065576 0.06500445235975066 0.04131147540983607 0.02315227070347284
1 0.024262295081967214 0.1705253784505788 0.014426229508196721 0.01157613535173642
1 0.1977049180327869 0.14737310774710596 0.021639344262295083 0.015138023152270703
1 0.29475409836065575 0.14781834372217276 0.032131147540983604 0.02315227070347284
1 0.5042622950819672 0.10908281389136242 0.03278688524590164 0.02226179875333927
1 0.5468852459016393 0.13757791629563668 0.02754098360655738 0.03472840605520926
1 0.6586885245901639 0.10151380231522707 0.03344262295081967 0.028495102404274265
1 0.7436065573770492 0.12555654496883348 0.039344262295081964 0.02493321460373998
1 0.8708196721311475 0.09884238646482636 0.02622950819672131 0.039180765805877114
1 0.860327868852459 0.1495992876224399 0.043278688524590166 0.032056990204808546
1 0.8436065573770491 0.21059661620658948 0.01901639344262295 0.020480854853072127
1 0.6236065573770492 0.14425645592163847 0.024918032786885244 0.017809439002671415
1 0.45344262295081966 0.2101513802315227 0.043934426229508196 0.02493321460373998
1 0.07901639344262296 0.27471059661620656 0.03344262295081967 0.04007123775601069
1 0.006229508196721311 0.30943900267141583 0.011147540983606558 0.02404274265360641
1 0.05573770491803279 0.3170080142475512 0.013114754098360656 0.014247551202137132
1 0.15639344262295082 0.292520035618878 0.04 0.027604630454140695
1 0.27049180327868855 0.27337488869100623 0.043934426229508196 0.019590382902938557
1 0.658360655737705 0.22039180765805877 0.01180327868852459 0.027604630454140695
1 0.7229508196721312 0.2435440783615316 0.03344262295081967 0.02404274265360641
1 0.6878688524590164 0.25333926981300087 0.02754098360655738 0.016918967052537846
1 0.8695081967213115 0.2680320569902048 0.02622950819672131 0.017809439002671415
1 0.9573770491803278 0.29741763134461263 0.02622950819672131 0.028495102404274265
1 0.9422950819672131 0.3219056099732858 0.03409836065573771 0.02226179875333927
1 0.9422950819672131 0.3414959928762244 0.03278688524590164 0.027604630454140695
1 0.840983606557377 0.2978628673196794 0.04655737704918033 0.027604630454140695
1 0.7022950819672131 0.3098842386464826 0.030163934426229506 0.028495102404274265
1 0.4636065573770492 0.3014247551202137 0.03278688524590164 0.016918967052537846
1 0.4190163934426229 0.3290293855743544 0.03540983606557377 0.029385574354407834
1 0.2845901639344262 0.3633125556544969 0.031475409836065574 0.026714158504007122
1 0.25016393442622953 0.37622439893143367 0.038688524590163934 0.031166518254674976
1 0.009836065573770491 0.38557435440783616 0.018360655737704918 0.032056990204808546
1 0.1436065573770492 0.4848619768477293 0.043278688524590166 0.027604630454140695
0 0.579672131147541 0.3606411398040962 0.06163934426229508 0.0730186999109528
0 0.7124590163934427 0.40293855743544077 0.06754098360655737 0.06678539626001781
1 0.8554098360655737 0.42609082813891364 0.02819672131147541 0.018699910952804988
1 0.9098360655737705 0.4541406945681211 0.025573770491803278 0.02315227070347284
1 0.9632786885245902 0.4986642920747996 0.024918032786885244 0.0213713268032057
1 0.7950819672131147 0.4884238646482636 0.025573770491803278 0.02226179875333927
1 0.5616393442622951 0.3334817453250222 0.021639344262295083 0.018699910952804988
1 0.5314754098360656 0.39759572573463936 0.04131147540983607 0.020480854853072127
1 0.47180327868852456 0.3873552983081033 0.022950819672131147 0.01246660730186999
1 0.5970491803278688 0.5151380231522706 0.024262295081967214 0.016918967052537846
1 0.8452459016393442 0.5948352626892253 0.015737704918032787 0.017809439002671415
1 0.8439344262295082 0.638913624220837 0.04065573770491803 0.025823686553873553
1 0.620983606557377 0.5690115761353517 0.0419672131147541 0.039180765805877114
1 0.5822950819672131 0.5543187889581478 0.018360655737704918 0.01157613535173642
1 0.6849180327868852 0.6607301869991095 0.04524590163934426 0.026714158504007122
1 0.741639344262295 0.6878895814781835 0.02360655737704918 0.025823686553873553
1 0.9081967213114754 0.7101513802315227 0.03278688524590164 0.03829029385574354
1 0.9088524590163934 0.742653606411398 0.0419672131147541 0.017809439002671415
1 0.9770491803278688 0.7319679430097952 0.04459016393442623 0.037399821905609976
1 0.5980327868852459 0.7511130899376669 0.0380327868852459 0.03294746215494212
1 0.5275409836065573 0.7569011576135352 0.01901639344262295 0.01246660730186999
1 0.06393442622950819 0.5957257346393589 0.03344262295081967 0.026714158504007122
1 0.3527868852459016 0.691006233303651 0.019672131147540982 0.028495102404274265
1 0.2881967213114754 0.7920747996438112 0.038688524590163934 0.02404274265360641
0 0.38524590163934425 0.7582368655387355 0.04918032786885246 0.031166518254674976
1 0.3714754098360656 0.7617987533392698 0.024262295081967214 0.027604630454140695
1 0.3701639344262295 0.7974176313446126 0.037377049180327866 0.031166518254674976
1 0.46852459016393444 0.8045414069456812 0.024262295081967214 0.03472840605520926
1 0.01540983606557377 0.7275155832591274 0.029508196721311476 0.019590382902938557
1 0.06754098360655737 0.840160284951024 0.03278688524590164 0.0365093499554764
1 0.12229508196721312 0.858860195903829 0.025573770491803278 0.031166518254674976
1 0.09672131147540984 0.921193232413179 0.038688524590163934 0.02404274265360641
1 0.10950819672131147 0.9496883348174532 0.01180327868852459 0.025823686553873553
1 0.04918032786885246 0.9585930543187889 0.051147540983606556 0.029385574354407834
1 0.18721311475409835 0.9924309884238647 0.036065573770491806 0.015138023152270703
1 0.2872131147540984 0.9042742653606411 0.02098360655737705 0.02404274265360641
1 0.2642622950819672 0.9122885129118432 0.02098360655737705 0.02226179875333927
1 0.23672131147540984 0.9069456812110418 0.017049180327868854 0.01157613535173642
1 0.6777049180327869 0.9523597506678539 0.04262295081967213 0.025823686553873553
1 0.6888524590163935 0.9091718610863757 0.012459016393442622 0.008904719501335707
1 0.6701639344262295 0.9964381121994657 0.036721311475409836 0.007123775601068566
1 0.8219672131147541 0.790293855743544 0.017704918032786884 0.03472840605520926
1 0.8367213114754098 0.9256455921638468 0.030163934426229506 0.016918967052537846
1 0.9632786885245902 0.9452359750667854 0.07344262295081967 0.048975957257346395
1 0.8891803278688525 0.8245770258236865 0.031475409836065574 0.030276046304541407
1 0.3986885245901639 0.5770258236865539 0.04065573770491803 0.017809439002671415
1 0.3767213114754098 0.40026714158504006 0.017704918032786884 0.025823686553873553
