1 0.1705069124423963 0.01145374449339207 0.04213298222514812 0.021145374449339206
1 0.026333113890717574 0.05638766519823789 0.03028308097432521 0.03171806167400881
1 0.25510204081632654 0.0814977973568282 0.03489137590520079 0.03788546255506608
1 0.2044107965766952 0.12599118942731277 0.04410796576695194 0.028193832599118944
1 0.10335747202106649 0.17400881057268724 0.026333113890717574 0.039647577092511016
1 0.03291639236339697 0.20969162995594715 0.03554970375246873 0.04052863436123348
1 0.22547728768926925 0.2775330396475771 0.023041474654377878 0.04229074889867841
1 0.13331138907175774 0.24845814977973568 0.03489137590520079 0.04405286343612335
1 0.05497037524687294 0.35726872246696034 0.024358130348913758 0.053744493392070485
1 0.020737327188940093 0.4484581497797357 0.00987491770901909 0.010572687224669603
0 0.040157998683344305 0.46563876651982383 0.07899934167215272 0.044933920704845816
0 0.2794601711652403 0.3246696035242291 0.07834101382488479 0.1524229074889868
1 0.26793943383805136 0.3726872246696035 0.02238314680710994 0.02643171806167401
1 0.24884792626728108 0.44361233480176215 0.011849901250822909 0.025550660792951544
0 0.2518104015799868 0.43171806167400884 0.02040816326530612 0.06167400881057269
1 0.16425279789335087 0.426431718061674 0.038841342988808425 0.05286343612334802
1 0.14154048716260698 0.3484581497797357 0.023699802501645818 0.043171806167400885
1 0.3680052666227781 0.23039647577092512 0.025016458196181698 0.043171806167400885
1 0.30348913759052004 0.07400881057268723 0.04476629361421988 0.04757709251101322
1 0.3782093482554312 0.03788546255506608 0.029624753127057275 0.02643171806167401
0 0.3551678736010533 0.039647577092511016 0.07834101382488479 0.0775330396475771
0 0.423633969716919 0.13083700440528634 0.057274522712310726 0.030837004405286344
0 0.4585253456221198 0.16211453744493393 0.11257406188281764 0.0828193832599119
1 0.49374588545095455 0.13744493392070486 0.03818301514154049 0.02643171806167401
1 0.5032916392363397 0.08458149779735682 0.04542462146148782 0.03700440528634361
1 0.467083607636603 0.034361233480176216 0.029624753127057275 0.03700440528634361
1 0.6342988808426596 0.03480176211453745 0.05200789993416721 0.050220264317180616
1 0.6547070441079658 0.10176211453744494 0.026991441737985514 0.02731277533039648
1 0.5381830151415404 0.23303964757709253 0.03489137590520079 0.050220264317180616
1 0.4772876892692561 0.35066079295154184 0.02106649111257406 0.04581497797356828
1 0.4953917050691244 0.4127753303964758 0.03094140882159315 0.02731277533039648
0 0.4861751152073733 0.43436123348017625 0.061224489795918366 0.07048458149779736
1 0.4799210006583278 0.528193832599119 0.05529953917050691 0.044933920704845816
0 0.4871626069782752 0.5140969162995594 0.06319947333772219 0.08193832599118943
0 0.5125082290980908 0.37841409691629957 0.04542462146148782 0.03612334801762115
1 0.5055957867017775 0.36872246696035244 0.014483212639894667 0.009691629955947138
1 0.5154707044107966 0.3299559471365639 0.013166556945358787 0.007929515418502203
0 0.5138248847926267 0.3418502202643172 0.021724818959842 0.04052863436123348
1 0.564516129032258 0.4017621145374449 0.04542462146148782 0.05814977973568282
1 0.6774193548387096 0.3162995594713657 0.018433179723502304 0.01762114537444934
1 0.6560236998025016 0.3563876651982379 0.016458196181698484 0.034361233480176216
0 0.6863067807768268 0.3013215859030837 0.038841342988808425 0.06167400881057269
0 0.7307439104674127 0.21894273127753305 0.023699802501645818 0.05903083700440529
1 0.7337063857801185 0.20616740088105728 0.019091507570770244 0.02290748898678414
0 0.7518104015799868 0.1590308370044053 0.03028308097432521 0.039647577092511016
1 0.7458854509545754 0.15462555066079295 0.013166556945358787 0.01145374449339207
1 0.825213956550362 0.11674008810572688 0.02040816326530612 0.03788546255506608
1 0.7119815668202765 0.11718061674008812 0.040157998683344305 0.04757709251101322
1 0.7583936800526662 0.08105726872246696 0.03686635944700461 0.10220264317180618
1 0.8403554970375247 0.04449339207048458 0.007241606319947334 0.02731277533039648
1 0.8133640552995391 0.007929515418502203 0.017774851876234364 0.014096916299559472
1 0.8949967083607636 0.025991189427312777 0.03489137590520079 0.050220264317180616
1 0.9697169190256747 0.018502202643171806 0.02106649111257406 0.03524229074889868
1 0.8238973008558261 0.3259911894273128 0.025674786043449638 0.03700440528634361
1 0.7676102699144174 0.3370044052863436 0.03028308097432521 0.053744493392070485
1 0.6395655036208031 0.15462555066079295 0.028308097432521395 0.03788546255506608
1 0.6415404871626069 0.1841409691629956 0.037524687294272545 0.021145374449339206
1 0.6389071757735352 0.22246696035242292 0.025674786043449638 0.016740088105726872
1 0.8930217248189598 0.3709251101321586 0.04410796576695194 0.05814977973568282
1 0.955562870309414 0.3638766519823789 0.021724818959842 0.03524229074889868
1 0.9493087557603687 0.4590308370044053 0.050032916392363395 0.07577092511013216
1 0.901579986833443 0.433920704845815 0.00987491770901909 0.02026431718061674
1 0.7047399605003292 0.4325991189427313 0.02040816326530612 0.05286343612334802
1 0.6441737985516787 0.48370044052863437 0.040157998683344305 0.0986784140969163
1 0.7307439104674127 0.4757709251101322 0.02106649111257406 0.04757709251101322
1 0.05826201448321264 0.513215859030837 0.02040816326530612 0.03788546255506608
0 0.05266622778143515 0.5123348017621145 0.04213298222514812 0.046696035242290754
1 0.01119157340355497 0.5577092511013216 0.02106649111257406 0.02643171806167401
1 0.20046082949308755 0.5488986784140969 0.021724818959842 0.028193832599118944
1 0.19091507570770241 0.6881057268722467 0.027649769585253454 0.05110132158590309
1 0.08854509545753785 0.7039647577092512 0.015141540487162606 0.02995594713656388
1 0.06451612903225806 0.7440528634361234 0.027649769585253454 0.04140969162995595
1 0.015470704410796576 0.7193832599118943 0.029624753127057275 0.044933920704845816
1 0.27715602369980247 0.6744493392070485 0.03949967083607636 0.048458149779735685
1 0.3308097432521396 0.6550660792951543 0.04937458854509545 0.050220264317180616
1 0.36734693877551017 0.6823788546255507 0.027649769585253454 0.03259911894273128
1 0.5039499670836076 0.6651982378854626 0.03357472021066491 0.05814977973568282
1 0.6000658327847268 0.6524229074889868 0.03489137590520079 0.08193832599118943
1 0.6553653719552337 0.6343612334801763 0.017774851876234364 0.06343612334801763
1 0.6645819618169848 0.5511013215859031 0.012508229098090849 0.022026431718061675
1 0.9048716260697827 0.6770925110132159 0.026991441737985514 0.044933920704845816
1 0.9930875576036866 0.781057268722467 0.013824884792626727 0.07488986784140969
1 0.9055299539170506 0.9295154185022027 0.0467412771560237 0.09691629955947137
1 0.8601053324555629 0.879295154185022 0.026991441737985514 0.05991189427312776
1 0.803818301514154 0.9911894273127754 0.017116524028966424 0.01762114537444934
1 0.6889400921658986 0.8246696035242291 0.026991441737985514 0.021145374449339206
0 0.6866359447004607 0.8180616740088106 0.04081632653061224 0.02907488986784141
1 0.663594470046083 0.8506607929515418 0.015799868334430547 0.02378854625550661
1 0.706714944042133 0.7176211453744493 0.02040816326530612 0.048458149779735685
1 0.717577353522054 0.988546255506608 0.018433179723502304 0.02290748898678414
1 0.29723502304147464 0.7837004405286344 0.029624753127057275 0.046696035242290754
1 0.22119815668202764 0.779295154185022 0.02238314680710994 0.03788546255506608
1 0.20243581303489136 0.805726872246696 0.016458196181698484 0.022026431718061675
1 0.18433179723502302 0.9118942731277534 0.028966425279789335 0.05462555066079296
1 0.12738643844634628 0.9788546255506608 0.03225806451612903 0.04229074889867841
1 0.2337063857801185 0.9841409691629956 0.03949967083607636 0.02643171806167401
1 0.4736668861092824 0.7511013215859031 0.03094140882159315 0.051982378854625554
1 0.45161290322580644 0.8136563876651983 0.02106649111257406 0.01497797356828194
0 0.43548387096774194 0.8325991189427313 0.05595786701777485 0.06167400881057269
0 0.35055957867017773 0.9788546255506608 0.024358130348913758 0.04229074889867841
0 0.14285714285714285 0.8744493392070485 0.06056616194865042 0.09251101321585903
