0 0.12516425755584756 0.08135444151275287 0.02956636005256242 0.07475813544415127
1 0.07161629434954007 0.012752858399296395 0.01576872536136662 0.0237467018469657
1 0.0164257555847569 0.029903254177660512 0.01971090670170828 0.028144239226033423
1 0.047634691195795005 0.08487247141600704 0.028252299605781867 0.030782761653474055
1 0.24770039421813403 0.08883025505716799 0.030223390275952694 0.03518029903254178
1 0.3728646517739816 0.008795074758135445 0.011169513797634692 0.0158311345646438
1 0.39586070959264125 0.016710642040457344 0.030880420499342972 0.012313104661389622
1 0.6527595269382391 0.028144239226033423 0.03482260183968463 0.04397537379067722
1 0.7375164257555847 0.05321020228671944 0.042706964520367936 0.03430079155672824
1 0.7996057818659659 0.03342128408091469 0.02890932982917214 0.040457343887423045
1 0.3216162943495401 0.1253298153034301 0.020367936925098556 0.02550571679859279
1 0.026609724047306178 0.17634124890061567 0.03613666228646518 0.02550571679859279
1 0.230946123521682 0.17150395778364116 0.0164257555847569 0.04573438874230431
1 0.4921156373193167 0.11125769569041337 0.024967148488830488 0.02198768689533861
1 0.4766754270696452 0.1376429199648197 0.02956636005256242 0.020228671943711522
1 0.6146517739816032 0.13500439753737908 0.012483574244415244 0.016710642040457344
1 0.6957950065703022 0.20140721196130168 0.05781865965834428 0.10729991204925242
1 0.9231274638633378 0.17326297273526825 0.018396846254927726 0.036939313984168866
1 0.9931011826544022 0.17062445030782764 0.013797634691195795 0.0316622691292876
1 0.9793035479632063 0.23966578715919087 0.025624178712220762 0.032541776605101144
1 0.9543363994743759 0.24318381706244505 0.015111695137976347 0.0237467018469657
0 0.9526938239159002 0.237467018469657 0.017082785808147174 0.04221635883905013
0 0.8012483574244416 0.23175021987686897 0.0821287779237845 0.08883025505716799
1 0.8754927726675428 0.20976253298153036 0.04007884362680683 0.04309586631486368
1 0.573587385019711 0.20800351802990327 0.03942181340341656 0.03781882145998241
1 0.6054533508541393 0.2563764291996482 0.028252299605781867 0.04661389621811786
1 0.43988173455978974 0.20448548812664907 0.042706964520367936 0.04309586631486368
1 0.016754270696452037 0.3249780123131047 0.032194480946123524 0.02726473175021988
1 0.12614980289093297 0.2058047493403694 0.01576872536136662 0.024626209322779244
1 0.19710906701708278 0.2678100263852243 0.02759526938239159 0.02726473175021988
1 0.2335742444152431 0.3065083553210202 0.015111695137976347 0.030782761653474055
1 0.0942838370565046 0.2691292875989446 0.012483574244415244 0.010554089709762533
1 0.00788436268068331 0.21767810026385226 0.01445466491458607 0.013192612137203167
1 0.15013140604467806 0.36939313984168864 0.030880420499342972 0.03342128408091469
1 0.056504599211563734 0.3878627968337731 0.018396846254927726 0.014072119613016711
1 0.09198423127463863 0.37423043095866315 0.03942181340341656 0.020228671943711522
1 0.933311432325887 0.322339489885664 0.017739816031537452 0.0237467018469657
1 0.9103153745072273 0.33948988566402816 0.0164257555847569 0.021108179419525065
1 0.9875164257555847 0.34124890061565527 0.024967148488830488 0.04397537379067722
1 0.938239159001314 0.4371152154793316 0.024967148488830488 0.0474934036939314
1 0.9037450722733246 0.4890061565523307 0.026938239159001315 0.040457343887423045
1 0.8603810775295664 0.415127528583993 0.025624178712220762 0.028144239226033423
1 0.7601839684625493 0.4283201407211962 0.030223390275952694 0.0316622691292876
1 0.721419185282523 0.47889182058047497 0.01576872536136662 0.016710642040457344
0 0.7312746386333772 0.4700967458223395 0.02759526938239159 0.029023746701846966
1 0.6156373193166885 0.5461741424802111 0.02628120893561104 0.04397537379067722
1 0.1773981603153745 0.3856640281442392 0.022339027595269383 0.030782761653474055
1 0.22371879106438897 0.4164467897977133 0.017739816031537452 0.02198768689533861
1 0.13469119579500657 0.4243623570800352 0.02102496714848883 0.044854881266490766
1 0.00492772667542707 0.474934036939314 0.008541392904073587 0.01759014951627089
1 0.08278580814717477 0.5123131046613897 0.024967148488830488 0.020228671943711522
1 0.17936925098554535 0.480650835532102 0.02759526938239159 0.020228671943711522
1 0.2683968462549277 0.4256816182937555 0.03876478318002628 0.03342128408091469
1 0.21057818659658345 0.5360598065083554 0.026938239159001315 0.03430079155672824
1 0.33377135348226017 0.6147757255936676 0.01971090670170828 0.024626209322779244
1 0.30584756898817345 0.6517150395778365 0.04402102496714849 0.028144239226033423
1 0.06767411300919843 0.6279683377308708 0.01971090670170828 0.036939313984168866
1 0.03055190538764783 0.6481970096745823 0.022996057818659658 0.04221635883905013
1 0.008541392904073587 0.751099384344767 0.01576872536136662 0.022867194371152155
1 0.06504599211563732 0.7326297273526825 0.010512483574244415 0.021108179419525065
0 0.0259526938239159 0.8562005277044855 0.05059132720105125 0.051890941072999124
1 0.005256241787122208 0.8755496921723835 0.009198423127463863 0.013192612137203167
1 0.011498028909329829 0.9107299912049253 0.021681997371879105 0.030782761653474055
1 0.0588042049934297 0.905452946350044 0.03745072273324573 0.030782761653474055
1 0.04106438896189225 0.9832893579595428 0.021681997371879105 0.026385224274406333
0 0.13994743758212877 0.9727352682497802 0.08804204993429698 0.05452946350043976
1 0.12056504599211564 0.9810905892700088 0.015111695137976347 0.011433597185576077
1 0.1149802890932983 0.8592788038698329 0.018396846254927726 0.012313104661389622
1 0.21419185282522996 0.8817062445030783 0.017082785808147174 0.018469656992084433
1 0.22634691195795006 0.9186455584872472 0.03745072273324573 0.05892700087950748
1 0.24145860709592643 0.9696569920844328 0.030880420499342972 0.0237467018469657
0 0.32457293035479634 0.8254177660510115 0.030223390275952694 0.07299912049252419
1 0.3268725361366623 0.8452066842568162 0.017739816031537452 0.03518029903254178
1 0.2687253613666229 0.806948109058927 0.01971090670170828 0.02550571679859279
1 0.1277923784494087 0.7752858399296394 0.026938239159001315 0.013192612137203167
1 0.26018396846254926 0.7049252418645559 0.03416557161629435 0.03605980650835532
1 0.15473061760841 0.6530343007915568 0.04402102496714849 0.029023746701846966
1 0.2959921156373193 0.758575197889182 0.03350854139290407 0.05013192612137203
1 0.44842312746386337 0.7005277044854882 0.04402102496714849 0.02726473175021988
1 0.44776609724047306 0.7321899736147758 0.028252299605781867 0.04133685136323659
1 0.34526938239159 0.712401055408971 0.019053876478318004 0.024626209322779244
1 0.36465177398160314 0.6802990325417766 0.02102496714848883 0.032541776605101144
1 0.4464520367936925 0.6363236587510994 0.02956636005256242 0.048372911169744945
1 0.4799605781865966 0.5963060686015832 0.019053876478318004 0.036939313984168866
1 0.395203679369251 0.4569041336851363 0.007227332457293035 0.018469656992084433
1 0.1921813403416557 0.6772207563764292 0.015111695137976347 0.01759014951627089
1 0.6074244415243101 0.46965699208443273 0.022996057818659658 0.014072119613016711
1 0.5988830486202366 0.5993843447669306 0.02956636005256242 0.030782761653474055
1 0.6616294349540079 0.6240105540897098 0.023653088042049936 0.03430079155672824
1 0.5496057818659659 0.762532981530343 0.03482260183968463 0.04221635883905013
1 0.6314060446780552 0.7590149516270889 0.04862023653088042 0.052770448548812667
1 0.580814717477004 0.9608619173262973 0.02102496714848883 0.020228671943711522
0 0.6011826544021025 0.9160070360598066 0.01445466491458607 0.016710642040457344
1 0.7273324572930355 0.7805628847845207 0.023653088042049936 0.0395778364116095
1 0.7772667542706965 0.8298153034300791 0.03416557161629435 0.048372911169744945
1 0.9227989487516426 0.8412489006156553 0.0466491458607096 0.08355321020228672
1 0.7247043363994744 0.8693931398416886 0.023653088042049936 0.0395778364116095
1 0.778580814717477 0.8834652594547054 0.01576872536136662 0.03605980650835532
1 0.9878449408672799 0.7343887423043096 0.02431011826544021 0.04573438874230431
1 0.9894875164257556 0.9683377308707124 0.02102496714848883 0.0633245382585752
1 0.9648488830486203 0.9925241864555849 0.022996057818659658 0.014951627088830256
1 0.8183311432325887 0.9907651715039578 0.011169513797634692 0.016710642040457344
1 0.6386333771353483 0.8535620052770448 0.024967148488830488 0.016710642040457344
