1 0.537109375 0.46875 0.03515625 0.046875
1 0.259765625 0.470703125 0.05078125 0.05078125
1 0.265625 0.41796875 0.03125 0.03125
0 0.265625 0.373046875 0.0703125 0.12890625
1 0.54296875 0.56640625 0.0390625 0.0546875
1 0.76171875 0.546875 0.03125 0.046875
1 0.513671875 0.041015625 0.04296875 0.05078125
1 0.509765625 0.0859375 0.02734375 0.0390625
1 0.486328125 0.14453125 0.03515625 0.015625
1 0.521484375 0.173828125 0.06640625 0.02734375
1 0.56640625 0.19140625 0.0703125 0.0625
1 0.57421875 0.2265625 0.0234375 0.0234375
1 0.65234375 0.18359375 0.0625 0.0625
1 0.72265625 0.1640625 0.0546875 0.0390625
1 0.7734375 0.328125 0.0390625 0.0625
1 0.728515625 0.3125 0.03515625 0.03125
1 0.5234375 0.390625 0.03125 0.046875
1 0.3671875 0.76953125 0.0234375 0.03125
1 0.244140625 0.96484375 0.04296875 0.0390625
1 0.4609375 0.7578125 0.0703125 0.0546875
1 0.83984375 0.7734375 0.0546875 0.0390625
1 0.833984375 0.6875 0.04296875 0.0390625
1 0.07421875 0.171875 0.03125 0.046875
0 0.056640625 0.201171875 0.07421875 0.08984375
1 0.822265625 0.162109375 0.01953125 0.02734375
1 0.8671875 0.0859375 0.0390625 0.03125
1 0.779296875 0.841796875 0.02734375 0.03515625
1 0.328125 0.84765625 0.046875 0.046875
1 0.791015625 0.42578125 0.01953125 0.03125
1 0.7578125 0.98828125 0.0234375 0.0234375
1 0.51171875 0.98828125 0.0390625 0.0234375
1 0.326171875 0.98046875 0.03515625 0.0390625
1 0.0390625 0.013671875 0.03125 0.01953125
