1 0.84375 0.2109375 0.046875 0.015625
0 0.861328125 0.21875 0.08203125 0.1015625
1 0.501953125 0.052734375 0.06640625 0.02734375
1 0.46484375 0.126953125 0.0234375 0.06640625
1 0.373046875 0.1015625 0.09765625 0.03125
1 0.083984375 0.28515625 0.04296875 0.0625
1 0.24609375 0.1484375 0.0546875 0.0546875
1 0.146484375 0.318359375 0.05859375 0.04296875
1 0.44921875 0.18359375 0.0390625 0.03125
1 0.4609375 0.232421875 0.0546875 0.02734375
1 0.4140625 0.275390625 0.0546875 0.03515625
1 0.265625 0.5703125 0.0390625 0.046875
1 0.298828125 0.564453125 0.03515625 0.04296875
1 0.1484375 0.658203125 0.046875 0.05078125
1 0.1015625 0.69140625 0.0234375 0.03125
1 0.8125 0.609375 0.0390625 0.046875
1 0.92578125 0.708984375 0.0703125 0.07421875
1 0.955078125 0.66015625 0.05859375 0.0703125
1 0.755859375 0.9765625 0.03515625 0.03125
1 0.029296875 0.89453125 0.02734375 0.03125
1 0.8125 0.744140625 0.0390625 0.03515625
1 0.859375 0.63671875 0.046875 0.046875
1 0.162109375 0.697265625 0.01171875 0.02734375
