1 0.615234375 0.23046875 0.06640625 0.0625
1 0.685546875 0.287109375 0.05078125 0.05078125
1 0.751953125 0.326171875 0.03515625 0.05078125
1 0.88671875 0.375 0.0390625 0.0390625
1 0.982421875 0.41796875 0.02734375 0.03125
1 0.783203125 0.71484375 0.04296875 0.046875
1 0.642578125 0.8125 0.07421875 0.0625
1 0.654296875 0.892578125 0.03515625 0.07421875
1 0.830078125 0.951171875 0.04296875 0.05859375
1 0.759765625 0.89453125 0.06640625 0.0625
0 0.767578125 0.91796875 0.07421875 0.109375
1 0.05859375 0.568359375 0.03125 0.03515625
0 0.064453125 0.580078125 0.05078125 0.05859375
1 0.017578125 0.87890625 0.02734375 0.0703125
1 0.4921875 0.615234375 0.0390625 0.04296875
0 0.873046875 0.37109375 0.05078125 0.03125
