1 0.0625 0.173828125 0.0390625 0.07421875
1 0.22265625 0.361328125 0.0234375 0.05078125
0 0.216796875 0.35546875 0.04296875 0.078125
1 0.52734375 0.337890625 0.09375 0.04296875
1 0.67578125 0.31640625 0.078125 0.0390625
1 0.953125 0.283203125 0.0546875 0.05859375
1 0.623046875 0.4765625 0.03515625 0.0625
1 0.595703125 0.53515625 0.03515625 0.0546875
1 0.63671875 0.56640625 0.03125 0.046875
1 0.681640625 0.6328125 0.04296875 0.0546875
1 0.71875 0.86328125 0.0625 0.046875
1 0.490234375 0.880859375 0.10546875 0.07421875
1 0.435546875 0.62890625 0.08203125 0.046875
1 0.091796875 0.83984375 0.04296875 0.078125
1 0.150390625 0.921875 0.07421875 0.0625
1 0.126953125 0.9375 0.05859375 0.046875
1 0.0859375 0.650390625 0.0390625 0.05078125
1 0.189453125 0.654296875 0.06640625 0.03515625
0 0.201171875 0.658203125 0.08984375 0.05078125
1 0.384765625 0.826171875 0.01953125 0.05078125
0 0.412109375 0.802734375 0.07421875 0.10546875
1 0.314453125 0.685546875 0.05859375 0.05078125
1 0.384765625 0.712890625 0.04296875 0.04296875
1 0.986328125 0.74609375 0.02734375 0.0390625
1 0.60546875 0.9921875 0.0390625 0.015625
1 0.021484375 0.087890625 0.03515625 0.05078125
1 0.072265625 0.111328125 0.04296875 0.03515625
1 0.9296875 0.1796875 0.0390625 0.015625
1 0.3046875 0.359375 0.0390625 0.03125
1 0.6015625 0.380859375 0.0234375 0.03515625
1 0.58984375 0.814453125 0.046875 0.01953125
