0 0.8359375 0.583984375 0.0703125 0.12109375
0 0.2265625 0.541015625 0.046875 0.19140625
1 0.234375 0.880859375 0.0390625 0.07421875
1 0.1953125 0.80078125 0.046875 0.0390625
1 0.560546875 0.390625 0.03515625 0.09375
1 0.62109375 0.802734375 0.0546875 0.05859375
1 0.90234375 0.716796875 0.046875 0.07421875
1 0.91015625 0.50390625 0.0546875 0.0625
1 0.2421875 0.048828125 0.0703125 0.05078125
1 0.328125 0.681640625 0.0546875 0.04296875
1 0.3828125 0.671875 0.03125 0.0390625
1 0.541015625 0.97265625 0.05859375 0.0546875
1 0.19140625 0.853515625 0.0390625 0.05078125
1 0.05078125 0.9296875 0.09375 0.03125
1 0.6015625 0.630859375 0.0390625 0.05078125
1 0.83203125 0.615234375 0.0234375 0.03515625
1 0.271484375 0.884765625 0.03515625 0.06640625
1 0.220703125 0.626953125 0.01953125 0.02734375
1 0.140625 0.162109375 0.0234375 0.02734375
1 0.271484375 0.79296875 0.01953125 0.0234375
