0 0.271484375 0.404296875 0.09765625 0.14453125
1 0.25 0.36328125 0.0390625 0.0546875
0 0.662109375 0.365234375 0.08203125 0.05859375
1 0.65234375 0.357421875 0.0546875 0.03515625
1 0.3671875 0.0546875 0.0390625 0.078125
1 0.337890625 0.078125 0.04296875 0.0703125
1 0.154296875 0.146484375 0.04296875 0.06640625
1 0.85546875 0.533203125 0.0859375 0.08203125
1 0.9375 0.62890625 0.0625 0.0625
1 0.90234375 0.94921875 0.0625 0.078125
1 0.7109375 0.8671875 0.03125 0.03125
1 0.255859375 0.9453125 0.10546875 0.09375
1 0.140625 0.05859375 0.046875 0.0390625
0 0.130859375 0.0703125 0.06640625 0.0546875
