0 0.478515625 0.744140625 0.05859375 0.08203125
0 0.365234375 0.779296875 0.05078125 0.16015625
0 0.32421875 0.6015625 0.046875 0.0859375
0 0.361328125 0.505859375 0.09765625 0.08203125
0 0.37109375 0.66015625 0.046875 0.0625
1 0.19921875 0.87109375 0.0546875 0.0703125
1 0.15234375 0.453125 0.0546875 0.078125
1 0.33984375 0.421875 0.0625 0.0703125
1 0.767578125 0.349609375 0.02734375 0.11328125
1 0.7109375 0.5390625 0.0546875 0.078125
1 0.71875 0.611328125 0.0390625 0.05078125
1 0.6875 0.662109375 0.078125 0.05859375
1 0.771484375 0.60546875 0.05078125 0.078125
1 0.884765625 0.58984375 0.05859375 0.078125
1 0.97265625 0.5703125 0.0546875 0.0546875
1 0.931640625 0.6796875 0.04296875 0.0546875
1 0.376953125 0.50390625 0.05078125 0.0546875
1 0.337890625 0.615234375 0.01953125 0.05859375
1 0.37109375 0.669921875 0.0234375 0.03515625
1 0.38671875 0.720703125 0.0234375 0.04296875
1 0.45703125 0.646484375 0.0390625 0.07421875
1 0.884765625 0.982421875 0.02734375 0.03515625
