0 0.390625 0.189453125 0.1171875 0.18359375
0 0.47265625 0.201171875 0.0625 0.08984375
1 0.4296875 0.216796875 0.03125 0.05078125
1 0.4609375 0.220703125 0.0234375 0.03515625
1 0.462890625 0.328125 0.03515625 0.078125
1 0.681640625 0.05859375 0.09765625 0.046875
1 0.869140625 0.033203125 0.04296875 0.05859375
1 0.91015625 0.40234375 0.0390625 0.046875
1 0.701171875 0.814453125 0.03515625 0.03515625
1 0.830078125 0.751953125 0.03515625 0.07421875
0 0.4765625 0.23828125 0.0625 0.03125
1 0.634765625 0.990234375 0.03515625 0.01953125
