0 0.43359375 0.587890625 0.0546875 0.04296875
1 0.248046875 0.5234375 0.05078125 0.0234375
1 0.41796875 0.29296875 0.03125 0.0625
1 0.46484375 0.33984375 0.078125 0.03125
1 0.46484375 0.111328125 0.0390625 0.04296875
1 0.517578125 0.125 0.04296875 0.0234375
1 0.69140625 0.095703125 0.03125 0.04296875
1 0.689453125 0.185546875 0.03515625 0.05859375
1 0.84375 0.3125 0.0546875 0.0234375
1 0.42578125 0.58984375 0.0234375 0.0390625
1 0.939453125 0.654296875 0.06640625 0.01953125
1 0.935546875 0.677734375 0.05078125 0.01953125
