0 0.390625 0.51171875 0.0390625 0.0859375
1 0.390625 0.52734375 0.015625 0.046875
1 0.439453125 0.572265625 0.03515625 0.05078125
1 0.396484375 0.63671875 0.03515625 0.0625
1 0.744140625 0.767578125 0.03515625 0.08984375
1 0.95703125 0.306640625 0.046875 0.06640625
1 0.66015625 0.015625 0.03125 0.0234375
1 0.2109375 0.083984375 0.0390625 0.08203125
1 0.486328125 0.17578125 0.03515625 0.0390625
1 0.078125 0.607421875 0.0390625 0.05859375
1 0.1796875 0.771484375 0.046875 0.08203125
1 0.013671875 0.32421875 0.01953125 0.0625
