0 0.84765625 0.33984375 0.0625 0.1015625
0 0.796875 0.357421875 0.046875 0.08203125
1 0.791015625 0.341796875 0.03515625 0.04296875
1 0.75 0.146484375 0.046875 0.04296875
1 0.658203125 0.484375 0.02734375 0.09375
1 0.830078125 0.53515625 0.03515625 0.0703125
1 0.849609375 0.693359375 0.04296875 0.12890625
1 0.435546875 0.8828125 0.05078125 0.0859375
1 0.322265625 0.40234375 0.05859375 0.1171875
1 0.24609375 0.59375 0.046875 0.0859375
1 0.404296875 0.345703125 0.03515625 0.02734375
1 0.861328125 0.369140625 0.02734375 0.03515625
1 0.78515625 0.37890625 0.015625 0.03125
1 0.111328125 0.19921875 0.03515625 0.03125
0 0.087890625 0.216796875 0.08984375 0.05859375
