0 0.759765625 0.65234375 0.09765625 0.109375
1 0.7890625 0.67578125 0.03125 0.046875
1 0.728515625 0.5546875 0.05859375 0.0703125
1 0.556640625 0.544921875 0.05859375 0.08203125
1 0.513671875 0.376953125 0.03515625 0.11328125
1 0.060546875 0.55859375 0.05078125 0.09375
1 0.52734375 0.625 0.0625 0.046875
1 0.89453125 0.29296875 0.0390625 0.0390625
0 0.814453125 0.916015625 0.07421875 0.05859375
1 0.833984375 0.916015625 0.01953125 0.03515625
1 0.796875 0.904296875 0.015625 0.01953125
1 0.728515625 0.6953125 0.04296875 0.015625
