1 0.48828125 0.734375 0.03125 0.078125
0 0.4453125 0.845703125 0.0625 0.06640625
0 0.47265625 0.896484375 0.078125 0.11328125
1 0.658203125 0.548828125 0.03515625 0.06640625
1 0.142578125 0.69140625 0.04296875 0.1171875
1 0.05859375 0.841796875 0.0390625 0.13671875
1 0.982421875 0.779296875 0.03515625 0.11328125
1 0.861328125 0.79296875 0.03515625 0.0234375
1 0.544921875 0.05078125 0.01953125 0.0234375
1 0.548828125 0.013671875 0.01953125 0.01953125
1 0.181640625 0.09375 0.03515625 0.0859375
1 0.193359375 0.17578125 0.03515625 0.0546875
1 0.439453125 0.873046875 0.04296875 0.01953125
1 0.501953125 0.900390625 0.02734375 0.08203125
0 0.203125 0.1640625 0.046875 0.1015625
