0 0.60546875 0.482421875 0.046875 0.13671875
0 0.650390625 0.4921875 0.03515625 0.0859375
0 0.82421875 0.16796875 0.0859375 0.109375
0 0.548828125 0.029296875 0.05859375 0.05078125
0 0.689453125 0.947265625 0.02734375 0.06640625
1 0.634765625 0.591796875 0.02734375 0.05078125
1 0.669921875 0.69140625 0.04296875 0.0859375
1 0.67578125 0.849609375 0.0390625 0.09765625
1 0.888671875 0.1171875 0.03515625 0.09375
1 0.74609375 0.2890625 0.046875 0.0859375
1 0.53515625 0.130859375 0.03125 0.05859375
1 0.197265625 0.263671875 0.03515625 0.08984375
1 0.236328125 0.892578125 0.05078125 0.11328125
1 0.84375 0.1796875 0.03125 0.03125
1 0.560546875 0.013671875 0.01953125 0.01953125
1 0.6171875 0.498046875 0.015625 0.02734375
1 0.697265625 0.951171875 0.01953125 0.03515625
