0 0.58203125 0.12109375 0.0625 0.0859375
1 0.654296875 0.18359375 0.06640625 0.03125
1 0.748046875 0.3046875 0.03515625 0.0625
1 0.453125 0.412109375 0.046875 0.08203125
1 0.64453125 0.53125 0.0390625 0.0625
1 0.517578125 0.556640625 0.05078125 0.03515625
1 0.4375 0.611328125 0.0625 0.05078125
1 0.84765625 0.158203125 0.046875 0.03515625
1 0.7578125 0.232421875 0.0390625 0.02734375
1 0.1640625 0.97265625 0.078125 0.0546875
1 0.029296875 0.873046875 0.02734375 0.05859375
1 0.150390625 0.720703125 0.02734375 0.01953125
1 0.80078125 0.966796875 0.078125 0.06640625
1 0.5625 0.126953125 0.0234375 0.03515625
0 0.6796875 0.181640625 0.1015625 0.04296875
0 0.94140625 0.7421875 0.0234375 0.03125
1 0.005859375 0.349609375 0.00390625 0.03515625
1 0.3828125 0.8515625 0.0234375 0.0390625
