0 0.435546875 0.462890625 0.05078125 0.05078125
0 0.740234375 0.154296875 0.07421875 0.07421875
0 0.228515625 0.51953125 0.05078125 0.078125
1 0.212890625 0.271484375 0.03515625 0.05859375
1 0.12109375 0.34765625 0.0390625 0.0390625
1 0.15234375 0.400390625 0.0546875 0.06640625
1 0.138671875 0.755859375 0.02734375 0.04296875
1 0.4609375 0.767578125 0.046875 0.04296875
1 0.12109375 0.865234375 0.0390625 0.06640625
1 0.068359375 0.880859375 0.04296875 0.04296875
1 0.974609375 0.71484375 0.05078125 0.0703125
1 0.587890625 0.865234375 0.02734375 0.02734375
1 0.732421875 0.13671875 0.05859375 0.0234375
1 0.447265625 0.470703125 0.01953125 0.02734375
1 0.2265625 0.53125 0.0390625 0.03125
1 0.419921875 0.294921875 0.02734375 0.02734375
1 0.65234375 0.119140625 0.0390625 0.02734375
1 0.732421875 0.06640625 0.02734375 0.0234375
1 0.478515625 0.37109375 0.01953125 0.03125
1 0.08203125 0.34765625 0.03125 0.03125
