1 0.49609375 0.150390625 0.0546875 0.02734375
0 0.505859375 0.1640625 0.08203125 0.046875
1 0.630859375 0.291015625 0.02734375 0.03515625
1 0.546875 0.443359375 0.0625 0.03515625
1 0.841796875 0.70703125 0.02734375 0.0546875
1 0.197265625 0.287109375 0.02734375 0.03515625
1 0.154296875 0.283203125 0.04296875 0.01953125
1 0.224609375 0.025390625 0.03515625 0.04296875
1 0.0390625 0.591796875 0.0234375 0.02734375
1 0.302734375 0.521484375 0.01953125 0.02734375
1 0.283203125 0.779296875 0.02734375 0.02734375
1 0.701171875 0.892578125 0.01171875 0.03515625
1 0.94921875 0.83203125 0.046875 0.0390625
1 0.380859375 0.93359375 0.04296875 0.0390625
1 0.330078125 0.955078125 0.05859375 0.03515625
1 0.19921875 0.484375 0.03125 0.03125
1 0.765625 0.375 0.03125 0.0234375
1 0.9921875 0.841796875 0.015625 0.01953125
1 0.224609375 0.240234375 0.02734375 0.04296875
