1 0.734375 0.93359375 0.03125 0.0234375
1 0.61328125 0.767578125 0.03125 0.03515625
1 0.556640625 0.705078125 0.04296875 0.07421875
1 0.85546875 0.6015625 0.046875 0.0546875
1 0.890625 0.3046875 0.046875 0.0546875
1 0.474609375 0.15234375 0.03515625 0.0703125
0 0.517578125 0.224609375 0.06640625 0.08203125
1 0.4921875 0.283203125 0.03125 0.06640625
1 0.400390625 0.458984375 0.04296875 0.04296875
1 0.169921875 0.845703125 0.08984375 0.04296875
1 0.1328125 0.490234375 0.0546875 0.04296875
0 0.544921875 0.3046875 0.05859375 0.078125
1 0.56640625 0.322265625 0.015625 0.02734375
1 0.087890625 0.98828125 0.02734375 0.0234375
1 0.33984375 0.9609375 0.046875 0.0390625
1 0.4609375 0.203125 0.03125 0.0234375
1 0.759765625 0.013671875 0.02734375 0.01953125
