0 0.193359375 0.8828125 0.05859375 0.125
1 0.1953125 0.91015625 0.0390625 0.046875
1 0.1953125 0.408203125 0.03125 0.07421875
1 0.103515625 0.2265625 0.06640625 0.0859375
1 0.1328125 0.1796875 0.0625 0.0625
1 0.123046875 0.130859375 0.05859375 0.04296875
1 0.96875 0.03125 0.046875 0.0546875
0 0.69921875 0.64453125 0.0703125 0.1171875
1 0.689453125 0.625 0.02734375 0.046875
1 0.623046875 0.61328125 0.03515625 0.046875
0 0.619140625 0.58984375 0.06640625 0.109375
1 0.5703125 0.765625 0.046875 0.046875
1 0.197265625 0.603515625 0.03515625 0.03515625
1 0.134765625 0.62890625 0.05859375 0.0390625
1 0.025390625 0.541015625 0.04296875 0.05078125
1 0.677734375 0.798828125 0.03515625 0.05078125
0 0.642578125 0.681640625 0.03515625 0.04296875
