0 0.708984375 0.6953125 0.12890625 0.0703125
0 0.63671875 0.576171875 0.1171875 0.05859375
0 0.564453125 0.6640625 0.09765625 0.0703125
0 0.703125 0.1171875 0.0703125 0.1015625
0 0.5703125 0.1875 0.078125 0.078125
1 0.515625 0.103515625 0.0390625 0.02734375
1 0.4609375 0.0390625 0.0390625 0.046875
1 0.23828125 0.43359375 0.0859375 0.0390625
1 0.220703125 0.69140625 0.05859375 0.0703125
1 0.154296875 0.662109375 0.02734375 0.06640625
0 0.501953125 0.787109375 0.08984375 0.08203125
0 0.705078125 0.791015625 0.04296875 0.08203125
0 0.861328125 0.91796875 0.05078125 0.046875
0 0.828125 0.94921875 0.046875 0.03125
0 0.814453125 0.91015625 0.03515625 0.0390625
1 0.7734375 0.861328125 0.0703125 0.01953125
1 0.966796875 0.283203125 0.06640625 0.06640625
1 0.798828125 0.1796875 0.05078125 0.0546875
1 0.646484375 0.3125 0.05078125 0.0625
0 0.6640625 0.484375 0.109375 0.0859375
1 0.650390625 0.5078125 0.04296875 0.03125
1 0.537109375 0.669921875 0.03515625 0.03515625
1 0.474609375 0.77734375 0.03515625 0.046875
1 0.83203125 0.9765625 0.0546875 0.046875
1 0.90234375 0.982421875 0.0703125 0.03515625
1 0.87109375 0.916015625 0.0234375 0.02734375
1 0.81640625 0.9140625 0.015625 0.015625
1 0.740234375 0.703125 0.06640625 0.03125
1 0.6328125 0.5859375 0.0234375 0.015625
1 0.69140625 0.08984375 0.03125 0.03125
1 0.583984375 0.20703125 0.03515625 0.03125
1 0.525390625 0.130859375 0.03515625 0.01953125
1 0.767578125 0.1953125 0.03515625 0.03125
