1 0.703125 0.474609375 0.046875 0.07421875
0 0.76953125 0.5234375 0.125 0.1640625
1 0.92578125 0.9296875 0.0390625 0.0859375
1 0.49609375 0.876953125 0.0390625 0.04296875
1 0.23828125 0.685546875 0.0625 0.06640625
1 0.203125 0.775390625 0.0703125 0.04296875
1 0.09765625 0.9140625 0.0390625 0.0546875
1 0.201171875 0.955078125 0.08984375 0.03515625
1 0.724609375 0.0234375 0.05859375 0.0390625
0 0.76953125 0.107421875 0.046875 0.05859375
0 0.80859375 0.140625 0.0390625 0.09375
0 0.765625 0.171875 0.0546875 0.0625
0 0.728515625 0.12109375 0.05859375 0.0546875
1 0.2890625 0.0625 0.03125 0.0546875
1 0.56640625 0.4765625 0.046875 0.046875
1 0.015625 0.73828125 0.0234375 0.03125
1 0.904296875 0.015625 0.05859375 0.0234375
1 0.72265625 0.134765625 0.0390625 0.02734375
1 0.767578125 0.146484375 0.05859375 0.03515625
1 0.763671875 0.18359375 0.02734375 0.03125
1 0.794921875 0.125 0.03515625 0.015625
1 0.763671875 0.548828125 0.07421875 0.02734375
1 0.46875 0.890625 0.015625 0.0234375
1 0.537109375 0.865234375 0.03515625 0.02734375
1 0.892578125 0.94140625 0.02734375 0.078125
1 0.02734375 0.080078125 0.0234375 0.02734375
