1 0.267578125 0.18359375 0.05078125 0.0625
1 0.0390625 0.3515625 0.046875 0.0859375
1 0.3515625 0.349609375 0.0390625 0.02734375
1 0.322265625 0.416015625 0.05078125 0.05078125
1 0.27734375 0.5078125 0.0390625 0.0703125
1 0.490234375 0.529296875 0.03515625 0.05859375
1 0.921875 0.501953125 0.0546875 0.02734375
1 0.279296875 0.7265625 0.05078125 0.0546875
1 0.248046875 0.783203125 0.04296875 0.05859375
1 0.228515625 0.8828125 0.05078125 0.0546875
1 0.509765625 0.63671875 0.05078125 0.0546875
1 0.482421875 0.65234375 0.05859375 0.0546875
1 0.681640625 0.740234375 0.05859375 0.05078125
1 0.642578125 0.8984375 0.05078125 0.046875
1 0.859375 0.291015625 0.0234375 0.02734375
1 0.833984375 0.2578125 0.02734375 0.03125
1 0.671875 0.802734375 0.0625 0.06640625
1 0.146484375 0.970703125 0.03515625 0.05078125
1 0.7734375 0.01953125 0.03125 0.03125
