1 0.9375 0.6171875 0.0625 0.0546875
1 0.869140625 0.716796875 0.04296875 0.05859375
1 0.525390625 0.91796875 0.04296875 0.0390625
1 0.693359375 0.310546875 0.03515625 0.05078125
1 0.708984375 0.076171875 0.05078125 0.03515625
1 0.033203125 0.640625 0.03515625 0.0546875
1 0.080078125 0.7109375 0.04296875 0.0390625
1 0.845703125 0.958984375 0.06640625 0.05078125
0 0.849609375 0.95703125 0.11328125 0.0703125
1 0.64453125 0.984375 0.046875 0.03125
1 0.5625 0.97265625 0.046875 0.0546875
0 0.515625 0.90625 0.078125 0.046875
