1 0.494140625 0.333984375 0.05859375 0.07421875
1 0.3046875 0.330078125 0.046875 0.06640625
1 0.259765625 0.451171875 0.04296875 0.08203125
1 0.29296875 0.841796875 0.0703125 0.06640625
1 0.455078125 0.802734375 0.03515625 0.05078125
1 0.845703125 0.341796875 0.03515625 0.05859375
1 0.830078125 0.416015625 0.04296875 0.05859375
1 0.794921875 0.541015625 0.05078125 0.05859375
1 0.71875 0.615234375 0.0390625 0.06640625
1 0.70703125 0.7109375 0.0390625 0.046875
1 0.634765625 0.798828125 0.05078125 0.07421875
1 0.66796875 0.826171875 0.0546875 0.06640625
1 0.599609375 0.90234375 0.04296875 0.046875
1 0.962890625 0.11328125 0.03515625 0.0234375
1 0.560546875 0.96875 0.05078125 0.0625
1 0.88671875 0.994140625 0.0390625 0.01171875
1 0.693359375 0.009765625 0.05078125 0.01171875
