1 0.123046875 0.123046875 0.05078125 0.05078125
1 0.07421875 0.255859375 0.03125 0.03515625
1 0.068359375 0.48046875 0.05859375 0.0234375
1 0.259765625 0.580078125 0.07421875 0.04296875
1 0.353515625 0.6484375 0.05859375 0.0390625
1 0.396484375 0.3828125 0.05859375 0.046875
1 0.6640625 0.625 0.0703125 0.0703125
1 0.849609375 0.517578125 0.05859375 0.05078125
1 0.921875 0.634765625 0.0546875 0.05078125
1 0.87890625 0.646484375 0.03125 0.05078125
1 0.810546875 0.439453125 0.05078125 0.05078125
1 0.564453125 0.056640625 0.04296875 0.04296875
1 0.603515625 0.02734375 0.08203125 0.046875
1 0.9609375 0.71484375 0.0625 0.046875
1 0.337890625 0.337890625 0.05078125 0.05859375
1 0.03125 0.251953125 0.0390625 0.05078125
1 0.025390625 0.0703125 0.03515625 0.03125
1 0.0078125 0.029296875 0.0078125 0.01171875
1 0.54296875 0.421875 0.046875 0.0390625
