1 0.1875 0.220703125 0.046875 0.08984375
1 0.455078125 0.107421875 0.05859375 0.07421875
1 0.349609375 0.037109375 0.04296875 0.04296875
1 0.20703125 0.06640625 0.0625 0.046875
1 0.189453125 0.380859375 0.03515625 0.05859375
1 0.154296875 0.4375 0.04296875 0.0625
1 0.158203125 0.6640625 0.05859375 0.046875
1 0.150390625 0.744140625 0.05859375 0.06640625
1 0.1015625 0.787109375 0.046875 0.04296875
1 0.375 0.7421875 0.0390625 0.0625
1 0.205078125 0.884765625 0.05859375 0.03515625
0 0.21875 0.90234375 0.09375 0.0703125
1 0.626953125 0.578125 0.05078125 0.0859375
1 0.6796875 0.39453125 0.0546875 0.0390625
1 0.779296875 0.21875 0.04296875 0.046875
1 0.697265625 0.298828125 0.06640625 0.05859375
1 0.546875 0.27734375 0.0390625 0.078125
0 0.56640625 0.25 0.078125 0.1328125
1 0.099609375 0.98828125 0.06640625 0.0234375
1 0.888671875 0.021484375 0.04296875 0.03515625
1 0.83984375 0.015625 0.0234375 0.0234375
1 0.1640625 0.52734375 0.03125 0.0625
