1 0.7421875 0.244140625 0.0625 0.05859375
0 0.720703125 0.224609375 0.10546875 0.09765625
1 0.7421875 0.150390625 0.0390625 0.03515625
1 0.623046875 0.162109375 0.05859375 0.08203125
1 0.6875 0.33203125 0.046875 0.046875
1 0.650390625 0.3125 0.03515625 0.03125
1 0.615234375 0.39453125 0.05078125 0.1015625
1 0.478515625 0.056640625 0.08203125 0.05078125
0 0.501953125 0.041015625 0.15234375 0.07421875
1 0.380859375 0.0625 0.08984375 0.03125
1 0.384765625 0.1015625 0.10546875 0.03125
1 0.25 0.30078125 0.078125 0.0703125
1 0.076171875 0.56640625 0.04296875 0.0390625
1 0.8359375 0.857421875 0.0390625 0.01953125
0 0.833984375 0.859375 0.05859375 0.0546875
1 0.90625 0.638671875 0.0546875 0.05859375
1 0.443359375 0.826171875 0.06640625 0.08203125
1 0.41015625 0.8828125 0.0546875 0.0390625
1 0.326171875 0.966796875 0.06640625 0.03515625
1 0.822265625 0.978515625 0.03515625 0.03515625
1 0.556640625 0.681640625 0.04296875 0.05078125
1 0.974609375 0.375 0.05078125 0.0390625
1 0.962890625 0.453125 0.07421875 0.0625
1 0.736328125 0.771484375 0.02734375 0.02734375
1 0.517578125 0.923828125 0.05078125 0.03515625
1 0.314453125 0.025390625 0.05078125 0.03515625
1 0.01171875 0.732421875 0.015625 0.02734375
