1 0.818359375 0.41015625 0.07421875 0.0390625
1 0.73046875 0.66015625 0.078125 0.0390625
1 0.419921875 0.609375 0.05859375 0.0703125
1 0.087890625 0.767578125 0.06640625 0.04296875
1 0.287109375 0.73046875 0.05078125 0.015625
0 0.275390625 0.716796875 0.08203125 0.05859375
1 0.419921875 0.900390625 0.02734375 0.03515625
0 0.419921875 0.892578125 0.05859375 0.08203125
1 0.333984375 0.873046875 0.03515625 0.04296875
1 0.345703125 0.984375 0.01953125 0.03125
0 0.333984375 0.96484375 0.07421875 0.0703125
1 0.439453125 0.794921875 0.06640625 0.04296875
1 0.310546875 0.787109375 0.02734375 0.03515625
