1 0.921875 0.833984375 0.03125 0.06640625
1 0.484375 0.748046875 0.046875 0.03515625
1 0.732421875 0.603515625 0.02734375 0.03515625
1 0.361328125 0.45703125 0.02734375 0.0625
1 0.5 0.208984375 0.0546875 0.03515625
1 0.12890625 0.15625 0.0703125 0.0546875
1 0.4609375 0.84375 0.0703125 0.0625
1 0.693359375 0.6796875 0.03515625 0.03125
1 0.919921875 0.693359375 0.01953125 0.04296875
1 0.42578125 0.072265625 0.0546875 0.07421875
1 0.345703125 0.884765625 0.07421875 0.06640625
1 0.8671875 0.892578125 0.03125 0.05078125
1 0.904296875 0.90234375 0.01953125 0.0546875
1 0.16015625 0.73828125 0.09375 0.03125
1 0.564453125 0.916015625 0.05078125 0.05078125
1 0.619140625 0.724609375 0.05078125 0.05078125
1 0.708984375 0.494140625 0.04296875 0.02734375
0 0.72265625 0.470703125 0.0859375 0.08984375
1 0.345703125 0.513671875 0.03515625 0.04296875
1 0.36328125 0.5859375 0.0625 0.0546875
0 0.359375 0.556640625 0.109375 0.12109375
1 0.185546875 0.876953125 0.04296875 0.03515625
1 0.201171875 0.8828125 0.07421875 0.046875
0 0.919921875 0.72265625 0.04296875 0.09375
1 0.533203125 0.80078125 0.04296875 0.0390625
0 0.548828125 0.796875 0.06640625 0.0546875
1 0.19921875 0.7734375 0.046875 0.0234375
0 0.189453125 0.787109375 0.08984375 0.05078125
1 0.0859375 0.8125 0.0625 0.0390625
0 0.072265625 0.828125 0.09765625 0.0546875
0 0.484375 0.212890625 0.09375 0.05078125
0 0.35546875 0.06640625 0.0703125 0.09375
1 0.359375 0.064453125 0.03125 0.02734375
0 0.60546875 0.775390625 0.0703125 0.12890625
1 0.0234375 0.40234375 0.03125 0.0390625
1 0.009765625 0.447265625 0.01171875 0.01953125
1 0.0078125 0.669921875 0.0078125 0.07421875
1 0.2265625 0.974609375 0.0703125 0.05078125
1 0.109375 0.98828125 0.0703125 0.0234375
1 0.26171875 0.84765625 0.046875 0.0546875
0 0.212890625 0.830078125 0.07421875 0.05078125
1 0.57421875 0.98046875 0.046875 0.0390625
1 0.62109375 0.970703125 0.0390625 0.05859375
1 0.392578125 0.458984375 0.02734375 0.05859375
1 0.70703125 0.55078125 0.03125 0.03125
