1 0.33984375 0.48046875 0.03125 0.0546875
1 0.41015625 0.560546875 0.078125 0.04296875
1 0.533203125 0.625 0.04296875 0.0546875
1 0.66015625 0.56640625 0.0546875 0.0390625
1 0.689453125 0.619140625 0.03515625 0.06640625
1 0.78125 0.283203125 0.0625 0.07421875
1 0.8359375 0.259765625 0.0546875 0.06640625
1 0.802734375 0.724609375 0.05859375 0.06640625
1 0.33203125 0.75390625 0.03125 0.078125
1 0.3671875 0.85546875 0.03125 0.0234375
1 0.359375 0.884765625 0.046875 0.01953125
0 0.4453125 0.9609375 0.0859375 0.0625
1 0.44921875 0.955078125 0.0390625 0.03515625
1 0.12890625 0.951171875 0.046875 0.04296875
1 0.041015625 0.19140625 0.04296875 0.0703125
1 0.802734375 0.12890625 0.08203125 0.046875
1 0.892578125 0.126953125 0.05859375 0.05859375
1 0.93359375 0.279296875 0.046875 0.04296875
1 0.974609375 0.298828125 0.01953125 0.05859375
1 0.6484375 0.0859375 0.03125 0.0625
1 0.724609375 0.15625 0.05078125 0.0703125
1 0.736328125 0.0859375 0.06640625 0.0703125
1 0.677734375 0.1640625 0.05078125 0.0625
1 0.30859375 0.671875 0.078125 0.0390625
1 0.22265625 0.33203125 0.0390625 0.03125
0 0.2421875 0.328125 0.09375 0.0625
1 0.232421875 0.39453125 0.03515625 0.0390625
0 0.2421875 0.404296875 0.09375 0.07421875
1 0.537109375 0.0703125 0.04296875 0.0703125
1 0.966796875 0.904296875 0.04296875 0.03515625
0 0.91796875 0.875 0.0234375 0.0703125
0 0.3359375 0.595703125 0.046875 0.05859375
0 0.75 0.671875 0.0546875 0.046875
1 0.9765625 0.021484375 0.046875 0.03515625
1 0.923828125 0.078125 0.02734375 0.046875
1 0.9375 0.1171875 0.015625 0.0390625
0 0.9453125 0.10546875 0.03125 0.0546875
1 0.98828125 0.20703125 0.0234375 0.0546875
1 0.94921875 0.197265625 0.03125 0.05859375
1 0.1953125 0.068359375 0.046875 0.01953125
1 0.3984375 0.978515625 0.03125 0.04296875
1 0.015625 0.263671875 0.0234375 0.01953125
1 0.802734375 0.013671875 0.04296875 0.01953125
1 0.845703125 0.02734375 0.03515625 0.046875
1 0.8203125 0.08984375 0.0546875 0.0234375
1 0.7890625 0.05078125 0.0234375 0.0390625
1 0.69140625 0.044921875 0.03125 0.04296875
