1 0.5 0.326171875 0.046875 0.02734375
0 0.47265625 0.34375 0.109375 0.109375
1 0.234375 0.068359375 0.0546875 0.05859375
1 0.083984375 0.181640625 0.05859375 0.05859375
1 0.158203125 0.4453125 0.04296875 0.0390625
1 0.158203125 0.048828125 0.05078125 0.05859375
1 0.916015625 0.30859375 0.05859375 0.0546875
1 0.638671875 0.19140625 0.02734375 0.0625
1 0.681640625 0.150390625 0.05078125 0.05078125
1 0.666015625 0.1796875 0.04296875 0.0546875
1 0.59375 0.408203125 0.0546875 0.06640625
1 0.88671875 0.056640625 0.03125 0.05859375
1 0.8359375 0.455078125 0.0703125 0.01953125
1 0.92578125 0.49609375 0.0546875 0.0390625
1 0.9140625 0.599609375 0.0625 0.05859375
1 0.396484375 0.5546875 0.08984375 0.1171875
1 0.37890625 0.619140625 0.046875 0.05078125
1 0.271484375 0.59375 0.02734375 0.046875
1 0.275390625 0.830078125 0.05078125 0.07421875
1 0.326171875 0.73828125 0.05078125 0.0390625
1 0.212890625 0.759765625 0.05078125 0.02734375
1 0.15625 0.875 0.0546875 0.0390625
1 0.95703125 0.818359375 0.03125 0.03515625
1 0.162109375 0.79296875 0.02734375 0.03125
1 0.095703125 0.90234375 0.04296875 0.0390625
1 0.833984375 0.72265625 0.02734375 0.03125
1 0.009765625 0.2734375 0.01171875 0.0390625
1 0.017578125 0.904296875 0.02734375 0.01171875
1 0.462890625 0.763671875 0.04296875 0.02734375
1 0.40234375 0.701171875 0.046875 0.03515625
1 0.255859375 0.724609375 0.02734375 0.03515625
1 0.63671875 0.013671875 0.0234375 0.01953125
1 0.9765625 0.638671875 0.046875 0.07421875
1 0.927734375 0.84375 0.02734375 0.03125
1 0.9609375 0.8828125 0.015625 0.015625
