1 0.40234375 0.751953125 0.0390625 0.03515625
0 0.41015625 0.759765625 0.09375 0.09765625
1 0.130859375 0.802734375 0.05859375 0.05078125
1 0.71484375 0.578125 0.125 0.046875
1 0.8125 0.6640625 0.0625 0.0625
1 0.962890625 0.7578125 0.06640625 0.0390625
1 0.578125 0.73828125 0.0703125 0.0390625
1 0.29296875 0.515625 0.0390625 0.0546875
1 0.3828125 0.6328125 0.03125 0.0703125
1 0.2265625 0.501953125 0.0703125 0.08203125
1 0.111328125 0.486328125 0.07421875 0.05078125
1 0.671875 0.904296875 0.03125 0.05078125
1 0.66796875 0.02734375 0.0234375 0.046875
0 0.66015625 0.03125 0.046875 0.0546875
1 0.4609375 0.177734375 0.03125 0.05078125
0 0.45703125 0.17578125 0.0625 0.0625
1 0.943359375 0.048828125 0.05078125 0.01953125
0 0.9609375 0.083984375 0.078125 0.08203125
1 0.4296875 0.9765625 0.03125 0.046875
1 0.9921875 0.81640625 0.015625 0.0390625
1 0.419921875 0.6484375 0.03515625 0.046875
