1 0.482421875 0.431640625 0.02734375 0.03515625
0 0.49609375 0.451171875 0.046875 0.06640625
1 0.4140625 0.92578125 0.03125 0.0234375
1 0.865234375 0.685546875 0.04296875 0.05859375
1 0.7890625 0.830078125 0.046875 0.08984375
1 0.74609375 0.841796875 0.0390625 0.06640625
1 0.12890625 0.677734375 0.1171875 0.06640625
1 0.232421875 0.544921875 0.01953125 0.03515625
1 0.435546875 0.62109375 0.05078125 0.0703125
1 0.837890625 0.54296875 0.03515625 0.078125
1 0.212890625 0.111328125 0.09765625 0.05078125
1 0.19140625 0.171875 0.0546875 0.0703125
1 0.732421875 0.15625 0.05078125 0.1171875
1 0.783203125 0.302734375 0.05078125 0.05859375
1 0.306640625 0.419921875 0.04296875 0.06640625
1 0.34765625 0.41015625 0.0390625 0.03125
1 0.365234375 0.9375 0.04296875 0.03125
0 0.408203125 0.947265625 0.03515625 0.06640625
