1 0.474609375 0.40234375 0.05078125 0.0625
1 0.38671875 0.474609375 0.0546875 0.08203125
1 0.50390625 0.48828125 0.0546875 0.046875
1 0.150390625 0.22265625 0.05078125 0.09375
1 0.89453125 0.208984375 0.0625 0.05078125
1 0.84765625 0.45703125 0.0390625 0.0625
1 0.77734375 0.603515625 0.0703125 0.03515625
1 0.896484375 0.576171875 0.06640625 0.02734375
1 0.486328125 0.623046875 0.05859375 0.05859375
1 0.1875 0.0859375 0.0859375 0.0546875
1 0.474609375 0.080078125 0.07421875 0.08203125
1 0.68359375 0.0390625 0.0625 0.046875
1 0.041015625 0.154296875 0.05859375 0.08984375
1 0.095703125 0.169921875 0.05078125 0.05078125
0 0.1015625 0.173828125 0.0546875 0.12109375
1 0.935546875 0.380859375 0.05078125 0.03515625
1 0.8046875 0.98828125 0.046875 0.0234375
1 0.01171875 0.76953125 0.015625 0.0625
1 0.994140625 0.41796875 0.01171875 0.03125
1 0.3671875 0.046875 0.0625 0.0390625
1 0.396484375 0.017578125 0.08984375 0.02734375
1 0.04296875 0.0625 0.078125 0.046875
1 0.455078125 0.1328125 0.01953125 0.0390625
