1 0.41015625 0.09765625 0.0546875 0.046875
1 0.248046875 0.65625 0.05078125 0.0546875
1 0.765625 0.2734375 0.046875 0.0390625
1 0.923828125 0.0625 0.04296875 0.046875
1 0.869140625 0.1796875 0.04296875 0.0703125
1 0.849609375 0.29296875 0.05078125 0.0703125
1 0.845703125 0.39453125 0.03515625 0.0546875
1 0.826171875 0.484375 0.03515625 0.0546875
1 0.8046875 0.64453125 0.03125 0.0703125
1 0.837890625 0.638671875 0.03515625 0.08984375
1 0.771484375 0.724609375 0.06640625 0.05859375
1 0.697265625 0.794921875 0.08984375 0.07421875
1 0.599609375 0.763671875 0.07421875 0.11328125
1 0.177734375 0.75390625 0.02734375 0.0390625
1 0.20703125 0.755859375 0.0234375 0.04296875
1 0.033203125 0.017578125 0.02734375 0.02734375
1 0.009765625 0.15234375 0.01171875 0.0234375
1 0.0078125 0.951171875 0.0078125 0.03515625
1 0.009765625 0.98828125 0.01171875 0.0234375
1 0.11328125 0.994140625 0.0390625 0.01171875
1 0.109375 0.83203125 0.0234375 0.03125
1 0.49609375 0.986328125 0.046875 0.02734375
1 0.990234375 0.705078125 0.01953125 0.04296875
1 0.9921875 0.8203125 0.015625 0.03125
1 0.810546875 0.76953125 0.04296875 0.0234375
1 0.765625 0.796875 0.0390625 0.03125
1 0.744140625 0.953125 0.02734375 0.046875
1 0.61328125 0.962890625 0.03125 0.07421875
0 0.80859375 0.79296875 0.046875 0.0546875
