1 0.541015625 0.7109375 0.08203125 0.0234375
0 0.5703125 0.744140625 0.1484375 0.09765625
1 0.60546875 0.126953125 0.078125 0.03515625
1 0.330078125 0.23828125 0.03515625 0.03125
1 0.17578125 0.146484375 0.0546875 0.03515625
1 0.470703125 0.455078125 0.05859375 0.05859375
1 0.861328125 0.384765625 0.04296875 0.06640625
1 0.90625 0.404296875 0.03125 0.05078125
1 0.9609375 0.53515625 0.046875 0.046875
1 0.638671875 0.61328125 0.04296875 0.078125
1 0.7265625 0.75390625 0.0703125 0.0546875
1 0.705078125 0.87890625 0.05859375 0.0703125
1 0.744140625 0.927734375 0.05859375 0.07421875
0 0.763671875 0.845703125 0.05859375 0.05859375
1 0.439453125 0.78515625 0.05859375 0.0546875
1 0.041015625 0.6796875 0.05859375 0.0546875
1 0.388671875 0.357421875 0.02734375 0.05078125
1 0.771484375 0.8515625 0.02734375 0.0234375
