1 0.703125 0.2578125 0.0546875 0.0703125
1 0.626953125 0.1796875 0.02734375 0.03125
1 0.232421875 0.466796875 0.05859375 0.04296875
1 0.751953125 0.654296875 0.05078125 0.05078125
1 0.751953125 0.705078125 0.09765625 0.03515625
1 0.8125 0.748046875 0.0859375 0.04296875
1 0.638671875 0.720703125 0.04296875 0.05859375
1 0.224609375 0.69921875 0.04296875 0.0546875
1 0.078125 0.486328125 0.046875 0.02734375
1 0.18359375 0.4921875 0.0390625 0.03125
1 0.05078125 0.0546875 0.0390625 0.0546875
1 0.0859375 0.87890625 0.046875 0.1171875
1 0.53515625 0.921875 0.046875 0.0546875
1 0.259765625 0.1796875 0.01953125 0.015625
1 0.736328125 0.060546875 0.05078125 0.04296875
1 0.0234375 0.423828125 0.0390625 0.02734375
1 0.517578125 0.97265625 0.04296875 0.015625
1 0.720703125 0.0078125 0.02734375 0.0078125
1 0.970703125 0.9921875 0.05859375 0.015625
