1 0.320364238410596 0.018211920529801324 0.018211920529801324 0.026490066225165563
1 0.33857615894039733 0.01903973509933775 0.018211920529801324 0.024834437086092714
1 0.3981788079470199 0.011589403973509934 0.024834437086092714 0.019867549668874173
1 0.03890728476821192 0.055463576158940396 0.03145695364238411 0.0380794701986755
1 0.14486754966887416 0.0935430463576159 0.024834437086092714 0.02152317880794702
1 0.21274834437086093 0.09105960264900662 0.004966887417218543 0.006622516556291391
0 0.2077814569536424 0.09188741721854304 0.014900662251655629 0.02152317880794702
1 0.19370860927152317 0.11175496688741722 0.019867549668874173 0.018211920529801324
1 0.222682119205298 0.10844370860927152 0.014900662251655629 0.018211920529801324
1 0.29221854304635764 0.09602649006622517 0.014900662251655629 0.009933774834437087
0 0.2889072847682119 0.09602649006622517 0.02152317880794702 0.016556291390728478
1 0.5447019867549668 0.004966887417218543 0.013245033112582781 0.006622516556291391
0 0.5579470198675497 0.023178807947019868 0.039735099337748346 0.04304635761589404
1 0.6382450331125827 0.015728476821192054 0.018211920529801324 0.028145695364238412
1 0.7135761589403974 0.03890728476821192 0.016556291390728478 0.0347682119205298
1 0.6432119205298014 0.062086092715231786 0.011589403973509934 0.011589403973509934
1 0.6399006622516556 0.060430463576158944 0.02152317880794702 0.02152317880794702
1 0.6788079470198676 0.14155629139072848 0.013245033112582781 0.024834437086092714
1 0.8336092715231788 0.014072847682119206 0.011589403973509934 0.02152317880794702
1 0.9759933774834437 0.02566225165562914 0.014900662251655629 0.02152317880794702
1 0.9668874172185431 0.16225165562913907 0.013245033112582781 0.023178807947019868
1 0.9925496688741722 0.17218543046357615 0.011589403973509934 0.026490066225165563
1 0.8725165562913907 0.15894039735099338 0.023178807947019868 0.019867549668874173
0 0.8758278145695364 0.14817880794701987 0.033112582781456956 0.06456953642384106
1 0.8269867549668874 0.15894039735099338 0.02152317880794702 0.029801324503311258
1 0.7855960264900662 0.14155629139072848 0.014900662251655629 0.024834437086092714
0 0.7889072847682119 0.14735099337748345 0.02152317880794702 0.033112582781456956
1 0.8617549668874173 0.10347682119205298 0.004966887417218543 0.008278145695364239
1 0.9933774834437086 0.24668874172185432 0.006622516556291391 0.016556291390728478
1 0.5951986754966887 0.23096026490066224 0.011589403973509934 0.02152317880794702
1 0.5927152317880795 0.298841059602649 0.019867549668874173 0.0347682119205298
1 0.45364238410596025 0.19701986754966888 0.016556291390728478 0.023178807947019868
1 0.43543046357615894 0.20198675496688742 0.016556291390728478 0.029801324503311258
1 0.3824503311258278 0.17880794701986755 0.019867549668874173 0.016556291390728478
1 0.40728476821192056 0.20447019867549668 0.029801324503311258 0.0380794701986755
1 0.3228476821192053 0.13245033112582782 0.006622516556291391 0.016556291390728478
0 0.3269867549668874 0.14155629139072848 0.014900662251655629 0.0347682119205298
1 0.30960264900662254 0.17798013245033112 0.013245033112582781 0.018211920529801324
1 0.10678807947019868 0.22682119205298013 0.011589403973509934 0.019867549668874173
1 0.09519867549668874 0.23427152317880795 0.011589403973509934 0.014900662251655629
1 0.07367549668874172 0.23509933774834438 0.018211920529801324 0.023178807947019868
0 0.09519867549668874 0.24420529801324503 0.011589403973509934 0.028145695364238412
1 0.17301324503311258 0.277317880794702 0.018211920529801324 0.008278145695364239
1 0.14155629139072848 0.2599337748344371 0.008278145695364239 0.013245033112582781
0 0.18294701986754966 0.27897350993377484 0.041390728476821195 0.011589403973509934
1 0.22682119205298013 0.26903973509933776 0.009933774834437087 0.018211920529801324
0 0.22185430463576158 0.2706953642384106 0.026490066225165563 0.03145695364238411
1 0.25165562913907286 0.2582781456953642 0.023178807947019868 0.016556291390728478
1 0.24834437086092714 0.27980132450331124 0.016556291390728478 0.016556291390728478
1 0.2591059602649007 0.2847682119205298 0.018211920529801324 0.019867549668874173
1 0.13990066225165562 0.36341059602649006 0.018211920529801324 0.0347682119205298
1 0.1986754966887417 0.4379139072847682 0.016556291390728478 0.03145695364238411
1 0.19950331125827814 0.5132450331125827 0.004966887417218543 0.006622516556291391
0 0.20198675496688742 0.5107615894039735 0.013245033112582781 0.02152317880794702
0 0.22185430463576158 0.5264900662251656 0.013245033112582781 0.029801324503311258
0 0.13990066225165562 0.3708609271523179 0.02152317880794702 0.046357615894039736
0 0.19288079470198677 0.4304635761589404 0.028145695364238412 0.046357615894039736
1 0.014900662251655629 0.43625827814569534 0.009933774834437087 0.004966887417218543
0 0.012417218543046357 0.4379139072847682 0.02152317880794702 0.011589403973509934
1 0.32450331125827814 0.5099337748344371 0.023178807947019868 0.016556291390728478
1 0.3468543046357616 0.5024834437086093 0.008278145695364239 0.004966887417218543
0 0.34933774834437087 0.5074503311258278 0.013245033112582781 0.018211920529801324
1 0.36258278145695366 0.4105960264900662 0.023178807947019868 0.029801324503311258
1 0.37251655629139074 0.4445364238410596 0.009933774834437087 0.02152317880794702
1 0.42218543046357615 0.4205298013245033 0.019867549668874173 0.016556291390728478
1 0.5223509933774835 0.4288079470198676 0.018211920529801324 0.019867549668874173
1 0.5397350993377483 0.4147350993377483 0.026490066225165563 0.018211920529801324
1 0.5256622516556292 0.48509933774834435 0.014900662251655629 0.033112582781456956
1 0.6067880794701986 0.3824503311258278 0.011589403973509934 0.023178807947019868
0 0.6134105960264901 0.3882450331125828 0.024834437086092714 0.03145695364238411
0 0.5463576158940397 0.4370860927152318 0.019867549668874173 0.026490066225165563
1 0.5413907284768212 0.4420529801324503 0.006622516556291391 0.006622516556291391
1 0.5231788079470199 0.13245033112582782 0.009933774834437087 0.009933774834437087
1 0.6589403973509934 0.31125827814569534 0.009933774834437087 0.009933774834437087
0 0.6490066225165563 0.30711920529801323 0.029801324503311258 0.028145695364238412
1 0.6721854304635762 0.33112582781456956 0.023178807947019868 0.019867549668874173
1 0.09933774834437085 0.5678807947019867 0.013245033112582781 0.029801324503311258
1 0.20860927152317882 0.5521523178807947 0.013245033112582781 0.0380794701986755
1 0.2814569536423841 0.597682119205298 0.026490066225165563 0.013245033112582781
1 0.8708609271523179 0.548841059602649 0.026490066225165563 0.024834437086092714
1 0.8965231788079471 0.48344370860927155 0.02152317880794702 0.009933774834437087
0 0.8965231788079471 0.4900662251655629 0.024834437086092714 0.029801324503311258
1 0.9014900662251656 0.5115894039735099 0.008278145695364239 0.006622516556291391
0 0.8965231788079471 0.5182119205298014 0.02152317880794702 0.023178807947019868
1 0.8245033112582781 0.6183774834437086 0.023178807947019868 0.028145695364238412
1 0.7284768211920529 0.48509933774834435 0.009933774834437087 0.016556291390728478
0 0.7268211920529801 0.4859271523178808 0.023178807947019868 0.048013245033112585
1 0.8402317880794702 0.3195364238410596 0.024834437086092714 0.026490066225165563
1 0.9304635761589404 0.40066225165562913 0.013245033112582781 0.009933774834437087
1 0.9147350993377483 0.3824503311258278 0.008278145695364239 0.016556291390728478
0 0.9312913907284768 0.39403973509933776 0.014900662251655629 0.029801324503311258
1 0.9933774834437086 0.35513245033112584 0.013245033112582781 0.011589403973509934
1 0.972682119205298 0.1986754966887417 0.02152317880794702 0.013245033112582781
1 0.7756622516556292 0.6456953642384106 0.011589403973509934 0.023178807947019868
1 0.777317880794702 0.6572847682119205 0.014900662251655629 0.019867549668874173
0 0.7839403973509934 0.6589403973509934 0.024834437086092714 0.023178807947019868
1 0.6746688741721855 0.6903973509933775 0.028145695364238412 0.013245033112582781
1 0.5827814569536424 0.6870860927152318 0.023178807947019868 0.016556291390728478
1 0.24089403973509935 0.6730132450331126 0.014900662251655629 0.028145695364238412
1 0.24006622516556292 0.706953642384106 0.019867549668874173 0.023178807947019868
1 0.22433774834437087 0.6539735099337748 0.014900662251655629 0.016556291390728478
1 0.12996688741721854 0.7193708609271523 0.011589403973509934 0.018211920529801324
1 0.009105960264900662 0.6804635761589404 0.014900662251655629 0.026490066225165563
1 0.11258278145695365 0.6076158940397351 0.006622516556291391 0.013245033112582781
0 0.10927152317880795 0.6134105960264901 0.016556291390728478 0.02152317880794702
1 0.0802980132450331 0.6763245033112583 0.04470198675496689 0.0347682119205298
1 0.6208609271523179 0.6001655629139073 0.006622516556291391 0.018211920529801324
0 0.6225165562913907 0.6026490066225165 0.013245033112582781 0.023178807947019868
1 0.27897350993377484 0.24917218543046357 0.018211920529801324 0.028145695364238412
1 0.44288079470198677 0.3038079470198676 0.004966887417218543 0.018211920529801324
1 0.4379139072847682 0.28725165562913907 0.004966887417218543 0.011589403973509934
1 0.6697019867549668 0.5082781456953642 0.011589403973509934 0.013245033112582781
1 0.6365894039735099 0.5372516556291391 0.014900662251655629 0.008278145695364239
1 0.8369205298013245 0.6697019867549668 0.011589403973509934 0.008278145695364239
1 0.6564569536423841 0.09602649006622517 0.011589403973509934 0.019867549668874173
1 0.9942052980132451 0.6158940397350994 0.011589403973509934 0.03642384105960265
1 0.01903973509933775 0.059602649006622516 0.02152317880794702 0.009933774834437087
1 0.0024834437086092716 0.060430463576158944 0.0016556291390728477 0.008278145695364239
