1 0.050496688741721855 0.7897350993377483 0.041390728476821195 0.03642384105960265
1 0.008278145695364239 0.7632450331125827 0.013245033112582781 0.016556291390728478
1 0.07036423841059603 0.8162251655629139 0.028145695364238412 0.013245033112582781
0 0.043874172185430466 0.8087748344370861 0.08443708609271523 0.0347682119205298
1 0.07533112582781457 0.8352649006622517 0.028145695364238412 0.014900662251655629
1 0.07533112582781457 0.8501655629139073 0.018211920529801324 0.011589403973509934
1 0.013245033112582781 0.8675496688741722 0.023178807947019868 0.019867549668874173
1 0.009933774834437087 0.8857615894039735 0.016556291390728478 0.013245033112582781
1 0.04470198675496689 0.8965231788079471 0.016556291390728478 0.024834437086092714
1 0.06870860927152318 0.9089403973509934 0.02152317880794702 0.019867549668874173
0 0.030629139072847682 0.8658940397350994 0.057947019867549666 0.026490066225165563
1 0.04470198675496689 0.9552980132450332 0.016556291390728478 0.016556291390728478
0 0.05380794701986755 0.9528145695364238 0.03145695364238411 0.041390728476821195
1 0.01076158940397351 0.9942052980132451 0.018211920529801324 0.011589403973509934
0 0.022350993377483443 0.9884105960264901 0.041390728476821195 0.023178807947019868
1 0.16390728476821192 0.298841059602649 0.013245033112582781 0.018211920529801324
1 0.1605960264900662 0.353476821192053 0.03642384105960265 0.024834437086092714
1 0.1564569536423841 0.3791390728476821 0.028145695364238412 0.009933774834437087
1 0.16142384105960264 0.40728476821192056 0.018211920529801324 0.023178807947019868
1 0.15149006622516556 0.4370860927152318 0.018211920529801324 0.013245033112582781
1 0.1390728476821192 0.4619205298013245 0.009933774834437087 0.029801324503311258
1 0.1870860927152318 0.4544701986754967 0.023178807947019868 0.018211920529801324
1 0.19205298013245034 0.5298013245033113 0.019867549668874173 0.019867549668874173
1 0.12086092715231789 0.5612582781456954 0.019867549668874173 0.013245033112582781
1 0.11258278145695365 0.5736754966887417 0.023178807947019868 0.008278145695364239
1 0.11175496688741722 0.6258278145695364 0.014900662251655629 0.023178807947019868
1 0.1183774834437086 0.6862582781456954 0.018211920529801324 0.028145695364238412
1 0.2293046357615894 0.6109271523178808 0.028145695364238412 0.009933774834437087
1 0.22682119205298013 0.6299668874172185 0.023178807947019868 0.018211920529801324
1 0.2359271523178808 0.6564569536423841 0.014900662251655629 0.03145695364238411
1 0.23096026490066224 0.7052980132450332 0.024834437086092714 0.019867549668874173
1 0.20612582781456953 0.8013245033112583 0.008278145695364239 0.013245033112582781
1 0.19288079470198677 0.875 0.008278145695364239 0.02152317880794702
0 0.19205298013245034 0.8841059602649006 0.009933774834437087 0.04966887417218543
0 0.3344370860927152 0.8054635761589404 0.009933774834437087 0.018211920529801324
1 0.3468543046357616 0.8733443708609272 0.011589403973509934 0.014900662251655629
0 0.34188741721854304 0.8741721854304636 0.024834437086092714 0.023178807947019868
1 0.3435430463576159 0.9056291390728477 0.018211920529801324 0.019867549668874173
1 0.20033112582781457 0.9271523178807947 0.019867549668874173 0.019867549668874173
0 0.19950331125827814 0.9254966887417219 0.02152317880794702 0.03642384105960265
1 0.18294701986754966 0.9718543046357616 0.008278145695364239 0.019867549668874173
0 0.18129139072847683 0.9751655629139073 0.011589403973509934 0.03642384105960265
1 0.3352649006622517 0.2847682119205298 0.011589403973509934 0.03642384105960265
0 0.3352649006622517 0.3038079470198676 0.018211920529801324 0.07450331125827815
1 0.5836092715231788 0.28394039735099336 0.008278145695364239 0.011589403973509934
1 0.402317880794702 0.34105960264900664 0.019867549668874173 0.016556291390728478
1 0.5339403973509934 0.451158940397351 0.011589403973509934 0.02152317880794702
1 0.4594370860927152 0.46771523178807944 0.018211920529801324 0.024834437086092714
1 0.3708609271523179 0.4652317880794702 0.019867549668874173 0.04966887417218543
0 0.3675496688741722 0.47516556291390727 0.029801324503311258 0.0695364238410596
1 0.3973509933774834 0.548841059602649 0.019867549668874173 0.028145695364238412
1 0.3344370860927152 0.6564569536423841 0.013245033112582781 0.024834437086092714
1 0.3170529801324503 0.7086092715231788 0.011589403973509934 0.019867549668874173
1 0.3029801324503311 0.7235099337748344 0.016556291390728478 0.013245033112582781
1 0.3543046357615894 0.9801324503311258 0.019867549668874173 0.033112582781456956
1 0.4693708609271523 0.7905629139072847 0.011589403973509934 0.0347682119205298
1 0.47102649006622516 0.8228476821192053 0.014900662251655629 0.023178807947019868
1 0.49337748344370863 0.6125827814569537 0.019867549668874173 0.029801324503311258
1 0.6357615894039735 0.625 0.013245033112582781 0.02152317880794702
1 0.6208609271523179 0.7210264900662252 0.013245033112582781 0.014900662251655629
1 0.6498344370860927 0.32781456953642385 0.028145695364238412 0.03642384105960265
1 0.6895695364238411 0.41721854304635764 0.014900662251655629 0.026490066225165563
1 0.5538079470198676 0.3485099337748344 0.014900662251655629 0.011589403973509934
1 0.7044701986754967 0.3211920529801324 0.014900662251655629 0.026490066225165563
1 0.6920529801324503 0.37996688741721857 0.006622516556291391 0.011589403973509934
0 0.6216887417218543 0.7359271523178808 0.011589403973509934 0.041390728476821195
1 0.5380794701986755 0.8998344370860927 0.023178807947019868 0.03145695364238411
1 0.5115894039735099 0.9254966887417219 0.013245033112582781 0.016556291390728478
1 0.4900662251655629 0.9370860927152318 0.016556291390728478 0.023178807947019868
1 0.527317880794702 0.972682119205298 0.03145695364238411 0.024834437086092714
1 0.5115894039735099 0.9039735099337748 0.016556291390728478 0.013245033112582781
0 0.5124172185430463 0.8956953642384106 0.018211920529801324 0.04304635761589404
1 0.609271523178808 0.8741721854304636 0.016556291390728478 0.029801324503311258
0 0.6034768211920529 0.8874172185430463 0.028145695364238412 0.052980132450331126
1 0.6233443708609272 0.9221854304635762 0.03145695364238411 0.016556291390728478
1 0.7077814569536424 0.8758278145695364 0.008278145695364239 0.023178807947019868
0 0.7144039735099338 0.8725165562913907 0.024834437086092714 0.029801324503311258
1 0.7723509933774835 0.6912251655629139 0.014900662251655629 0.004966887417218543
1 0.8004966887417219 0.4064569536423841 0.008278145695364239 0.028145695364238412
0 0.7971854304635762 0.3981788079470199 0.018211920529801324 0.04470198675496689
1 0.9412251655629139 0.271523178807947 0.02152317880794702 0.013245033112582781
1 0.9279801324503312 0.3360927152317881 0.014900662251655629 0.026490066225165563
1 0.9014900662251656 0.35844370860927155 0.018211920529801324 0.014900662251655629
1 0.923841059602649 0.347682119205298 0.016556291390728478 0.046357615894039736
1 0.9114238410596026 0.4155629139072848 0.024834437086092714 0.026490066225165563
1 0.9751655629139073 0.4205298013245033 0.03642384105960265 0.016556291390728478
1 0.9892384105960265 0.4519867549668874 0.02152317880794702 0.03642384105960265
1 0.902317880794702 0.4478476821192053 0.016556291390728478 0.011589403973509934
1 0.9917218543046358 0.5099337748344371 0.016556291390728478 0.026490066225165563
1 0.9412251655629139 0.5389072847682119 0.048013245033112585 0.041390728476821195
1 0.8824503311258278 0.5736754966887417 0.029801324503311258 0.014900662251655629
1 0.7971854304635762 0.6026490066225165 0.024834437086092714 0.016556291390728478
0 0.7971854304635762 0.5894039735099338 0.028145695364238412 0.056291390728476824
1 0.8700331125827815 0.5894039735099338 0.024834437086092714 0.009933774834437087
1 0.9346026490066225 0.6357615894039735 0.0380794701986755 0.023178807947019868
1 0.8890728476821192 0.6440397350993378 0.019867549668874173 0.029801324503311258
1 0.7831125827814569 0.7408940397350994 0.026490066225165563 0.011589403973509934
0 0.7839403973509934 0.7350993377483444 0.0347682119205298 0.029801324503311258
1 0.7764900662251656 0.7789735099337748 0.013245033112582781 0.018211920529801324
0 0.7748344370860927 0.777317880794702 0.026490066225165563 0.0347682119205298
1 0.8377483443708609 0.8973509933774835 0.013245033112582781 0.019867549668874173
1 0.8327814569536424 0.9288079470198676 0.009933774834437087 0.016556291390728478
1 0.9254966887417219 0.9701986754966887 0.019867549668874173 0.013245033112582781
1 0.0836092715231788 0.7740066225165563 0.024834437086092714 0.024834437086092714
1 0.5107615894039735 0.2897350993377483 0.011589403973509934 0.013245033112582781
1 0.7649006622516556 0.6225165562913907 0.009933774834437087 0.013245033112582781
0 0.9254966887417219 0.9635761589403974 0.019867549668874173 0.023178807947019868
1 0.8054635761589404 0.8352649006622517 0.011589403973509934 0.011589403973509934
1 0.8857615894039735 0.48427152317880795 0.009933774834437087 0.014900662251655629
