1 0.04966887417218543 0.06456953642384106 0.026490066225165563 0.039735099337748346
1 0.16142384105960264 0.1390728476821192 0.024834437086092714 0.029801324503311258
1 0.3211920529801324 0.014072847682119206 0.016556291390728478 0.024834437086092714
1 0.1804635761589404 0.29221854304635764 0.023178807947019868 0.0380794701986755
1 0.018211920529801324 0.37665562913907286 0.019867549668874173 0.0347682119205298
1 0.30711920529801323 0.3162251655629139 0.011589403973509934 0.04304635761589404
1 0.32781456953642385 0.13410596026490065 0.016556291390728478 0.023178807947019868
1 0.16556291390728478 0.5364238410596026 0.006622516556291391 0.029801324503311258
1 0.058774834437086095 0.5248344370860927 0.008278145695364239 0.013245033112582781
1 0.07533112582781457 0.6208609271523179 0.024834437086092714 0.023178807947019868
1 0.11920529801324503 0.6779801324503312 0.019867549668874173 0.011589403973509934
1 0.0935430463576159 0.679635761589404 0.014900662251655629 0.018211920529801324
1 0.19288079470198677 0.6415562913907285 0.024834437086092714 0.008278145695364239
1 0.1697019867549669 0.4867549668874172 0.008278145695364239 0.013245033112582781
1 0.3336092715231788 0.23013245033112584 0.008278145695364239 0.019867549668874173
1 0.33278145695364236 0.26903973509933776 0.009933774834437087 0.004966887417218543
0 0.3302980132450331 0.2640728476821192 0.014900662251655629 0.02152317880794702
0 0.3253311258278146 0.22682119205298013 0.02152317880794702 0.019867549668874173
1 0.15066225165562913 0.4652317880794702 0.023178807947019868 0.016556291390728478
0 0.1490066225165563 0.4610927152317881 0.052980132450331126 0.02152317880794702
1 0.18956953642384106 0.4519867549668874 0.011589403973509934 0.009933774834437087
0 0.1986754966887417 0.4412251655629139 0.029801324503311258 0.0380794701986755
0 0.22764900662251655 0.4461920529801324 0.028145695364238412 0.018211920529801324
1 0.27897350993377484 0.44867549668874174 0.008278145695364239 0.013245033112582781
0 0.2913907284768212 0.4503311258278146 0.03642384105960265 0.06291390728476821
1 0.04470198675496689 0.42218543046357615 0.026490066225165563 0.019867549668874173
1 0.38658940397350994 0.5024834437086093 0.008278145695364239 0.02152317880794702
1 0.29304635761589404 0.5612582781456954 0.006622516556291391 0.026490066225165563
1 0.14817880794701987 0.7433774834437086 0.02152317880794702 0.029801324503311258
1 0.24172185430463577 0.6490066225165563 0.009933774834437087 0.016556291390728478
1 0.3294701986754967 0.5786423841059603 0.026490066225165563 0.014900662251655629
1 0.32781456953642385 0.5943708609271523 0.023178807947019868 0.019867549668874173
1 0.4014900662251656 0.5298013245033113 0.028145695364238412 0.016556291390728478
1 0.26986754966887416 0.7682119205298014 0.016556291390728478 0.016556291390728478
1 0.48096026490066224 0.04966887417218543 0.018211920529801324 0.016556291390728478
1 0.6332781456953642 0.054635761589403975 0.011589403973509934 0.04966887417218543
1 0.15397350993377484 0.8518211920529801 0.029801324503311258 0.018211920529801324
0 0.1490066225165563 0.8451986754966887 0.04304635761589404 0.024834437086092714
1 0.0728476821192053 0.8418874172185431 0.029801324503311258 0.011589403973509934
1 0.018211920529801324 0.9279801324503312 0.013245033112582781 0.02152317880794702
1 0.006622516556291391 0.9254966887417219 0.006622516556291391 0.023178807947019868
1 0.10430463576158941 0.9685430463576159 0.023178807947019868 0.009933774834437087
1 0.1357615894039735 0.9602649006622517 0.016556291390728478 0.016556291390728478
1 0.12996688741721854 0.9884105960264901 0.008278145695364239 0.006622516556291391
1 0.2706953642384106 0.6887417218543046 0.018211920529801324 0.019867549668874173
1 0.3824503311258278 0.7044701986754967 0.029801324503311258 0.014900662251655629
0 0.3832781456953642 0.6970198675496688 0.024834437086092714 0.029801324503311258
1 0.39155629139072845 0.6622516556291391 0.018211920529801324 0.013245033112582781
0 0.38990066225165565 0.6514900662251656 0.018211920529801324 0.0347682119205298
1 0.39486754966887416 0.6084437086092715 0.011589403973509934 0.014900662251655629
0 0.39983443708609273 0.6001655629139073 0.018211920529801324 0.024834437086092714
1 0.10596026490066225 0.5645695364238411 0.013245033112582781 0.009933774834437087
1 0.052152317880794705 0.7947019867549668 0.014900662251655629 0.009933774834437087
0 0.05380794701986755 0.7963576158940397 0.028145695364238412 0.019867549668874173
1 0.07533112582781457 0.8120860927152318 0.008278145695364239 0.008278145695364239
0 0.09519867549668874 0.8162251655629139 0.048013245033112585 0.019867549668874173
1 0.1605960264900662 0.7756622516556292 0.009933774834437087 0.011589403973509934
1 0.1804635761589404 0.9950331125827815 0.016556291390728478 0.009933774834437087
1 0.2706953642384106 0.765728476821192 0.014900662251655629 0.018211920529801324
1 0.3021523178807947 0.8211920529801324 0.014900662251655629 0.013245033112582781
1 0.4279801324503311 0.7408940397350994 0.018211920529801324 0.018211920529801324
1 0.4594370860927152 0.7483443708609272 0.024834437086092714 0.009933774834437087
1 0.43543046357615894 0.8211920529801324 0.009933774834437087 0.016556291390728478
1 0.3394039735099338 0.8559602649006622 0.033112582781456956 0.019867549668874173
1 0.4139072847682119 0.8534768211920529 0.029801324503311258 0.011589403973509934
1 0.3228476821192053 0.9362582781456954 0.016556291390728478 0.018211920529801324
1 0.44950331125827814 0.9544701986754967 0.018211920529801324 0.011589403973509934
1 0.46688741721854304 0.8849337748344371 0.033112582781456956 0.018211920529801324
1 0.49834437086092714 0.8899006622516556 0.016556291390728478 0.014900662251655629
1 0.5140728476821192 0.8617549668874173 0.011589403973509934 0.011589403973509934
1 0.5645695364238411 0.7731788079470199 0.019867549668874173 0.013245033112582781
1 0.5670529801324503 0.7516556291390728 0.02152317880794702 0.016556291390728478
1 0.5521523178807947 0.9147350993377483 0.018211920529801324 0.011589403973509934
1 0.5538079470198676 0.9950331125827815 0.018211920529801324 0.009933774834437087
1 0.6043046357615894 0.9834437086092715 0.019867549668874173 0.009933774834437087
1 0.6274834437086093 0.9859271523178808 0.013245033112582781 0.014900662251655629
1 0.396523178807947 0.3841059602649007 0.008278145695364239 0.013245033112582781
1 0.3981788079470199 0.39155629139072845 0.011589403973509934 0.0347682119205298
1 0.28725165562913907 0.5124172185430463 0.004966887417218543 0.018211920529801324
1 0.5248344370860927 0.35596026490066224 0.006622516556291391 0.013245033112582781
1 0.5380794701986755 0.5 0.009933774834437087 0.026490066225165563
1 0.5182119205298014 0.5149006622516556 0.016556291390728478 0.023178807947019868
1 0.5389072847682119 0.5190397350993378 0.02152317880794702 0.011589403973509934
0 0.5438741721854304 0.49751655629139074 0.018211920529801324 0.024834437086092714
0 0.5372516556291391 0.5306291390728477 0.018211920529801324 0.03145695364238411
1 0.527317880794702 0.5745033112582781 0.018211920529801324 0.016556291390728478
1 0.5397350993377483 0.597682119205298 0.013245033112582781 0.016556291390728478
1 0.5521523178807947 0.5769867549668874 0.03145695364238411 0.014900662251655629
1 0.5298013245033113 0.6283112582781457 0.013245033112582781 0.018211920529801324
1 0.6150662251655629 0.6001655629139073 0.02152317880794702 0.014900662251655629
1 0.6183774834437086 0.6307947019867549 0.011589403973509934 0.016556291390728478
1 0.6216887417218543 0.6697019867549668 0.008278145695364239 0.028145695364238412
1 0.6423841059602649 0.9130794701986755 0.033112582781456956 0.014900662251655629
1 0.37665562913907286 0.9900662251655629 0.008278145695364239 0.013245033112582781
1 0.6713576158940397 0.46605960264900664 0.008278145695364239 0.024834437086092714
1 0.6912251655629139 0.7731788079470199 0.028145695364238412 0.013245033112582781
1 0.6324503311258278 0.8890728476821192 0.009933774834437087 0.023178807947019868
1 0.8079470198675497 0.8311258278145696 0.013245033112582781 0.006622516556291391
1 0.7110927152317881 0.9097682119205298 0.011589403973509934 0.008278145695364239
1 0.6688741721854304 0.4644039735099338 0.013245033112582781 0.018211920529801324
0 0.673841059602649 0.46274834437086093 0.016556291390728478 0.0347682119205298
0 0.6730132450331126 0.25165562913907286 0.048013245033112585 0.046357615894039736
1 0.6622516556291391 0.2458609271523179 0.009933774834437087 0.004966887417218543
1 0.6481788079470199 0.18129139072847683 0.008278145695364239 0.018211920529801324
1 0.7350993377483444 0.201158940397351 0.016556291390728478 0.024834437086092714
1 0.7508278145695364 0.0728476821192053 0.014900662251655629 0.013245033112582781
1 0.7798013245033113 0.013245033112582781 0.016556291390728478 0.023178807947019868
1 0.7392384105960265 0.13741721854304637 0.008278145695364239 0.013245033112582781
1 0.8675496688741722 0.12665562913907286 0.013245033112582781 0.028145695364238412
1 0.8485099337748344 0.028973509933774833 0.011589403973509934 0.02152317880794702
1 0.8170529801324503 0.01076158940397351 0.018211920529801324 0.018211920529801324
1 0.9577814569536424 0.11175496688741722 0.014900662251655629 0.014900662251655629
1 0.9875827814569537 0.14321192052980133 0.024834437086092714 0.028145695364238412
1 0.9254966887417219 0.17301324503311258 0.013245033112582781 0.014900662251655629
1 0.9254966887417219 0.20364238410596028 0.013245033112582781 0.019867549668874173
1 0.8965231788079471 0.2814569536423841 0.008278145695364239 0.029801324503311258
1 0.8981788079470199 0.3302980132450331 0.011589403973509934 0.014900662251655629
0 0.8973509933774835 0.34271523178807944 0.016556291390728478 0.04304635761589404
1 0.9147350993377483 0.36009933774834435 0.018211920529801324 0.014900662251655629
1 0.9933774834437086 0.3617549668874172 0.013245033112582781 0.018211920529801324
1 0.9445364238410596 0.37334437086092714 0.011589403973509934 0.014900662251655629
1 0.9610927152317881 0.4139072847682119 0.028145695364238412 0.013245033112582781
1 0.7649006622516556 0.3990066225165563 0.019867549668874173 0.019867549668874173
1 0.9519867549668874 0.43874172185430466 0.026490066225165563 0.026490066225165563
1 0.9701986754966887 0.5314569536423841 0.033112582781456956 0.016556291390728478
1 0.9470198675496688 0.5869205298013245 0.023178807947019868 0.028145695364238412
1 0.8923841059602649 0.6225165562913907 0.009933774834437087 0.009933774834437087
1 0.8791390728476821 0.6390728476821192 0.019867549668874173 0.023178807947019868
1 0.9668874172185431 0.6672185430463576 0.019867549668874173 0.033112582781456956
1 0.9809602649006622 0.6763245033112583 0.014900662251655629 0.02152317880794702
1 0.9950331125827815 0.673841059602649 0.009933774834437087 0.019867549668874173
1 0.7052980132450332 0.4594370860927152 0.029801324503311258 0.041390728476821195
0 0.7276490066225165 0.445364238410596 0.0347682119205298 0.033112582781456956
1 0.7293046357615894 0.47433774834437087 0.018211920529801324 0.028145695364238412
1 0.8559602649006622 0.6821192052980133 0.016556291390728478 0.023178807947019868
1 0.9693708609271523 0.7102649006622517 0.02152317880794702 0.019867549668874173
1 0.9958609271523179 0.7889072847682119 0.008278145695364239 0.014900662251655629
1 0.9486754966887417 0.7682119205298014 0.013245033112582781 0.013245033112582781
1 0.8741721854304636 0.777317880794702 0.019867549668874173 0.011589403973509934
1 0.8741721854304636 0.8079470198675497 0.009933774834437087 0.019867549668874173
1 0.8932119205298014 0.8841059602649006 0.0347682119205298 0.016556291390728478
1 0.9155629139072847 0.7913907284768212 0.026490066225165563 0.009933774834437087
1 0.8973509933774835 0.9875827814569537 0.029801324503311258 0.024834437086092714
1 0.8791390728476821 0.9271523178807947 0.009933774834437087 0.023178807947019868
1 0.8178807947019867 0.9644039735099338 0.016556291390728478 0.02152317880794702
1 0.8485099337748344 0.9660596026490066 0.018211920529801324 0.014900662251655629
1 0.9975165562913907 0.918046357615894 0.004966887417218543 0.008278145695364239
1 0.7235099337748344 0.6183774834437086 0.013245033112582781 0.02152317880794702
1 0.19205298013245034 0.0041390728476821195 0.016556291390728478 0.004966887417218543
1 0.13410596026490065 0.5587748344370861 0.016556291390728478 0.008278145695364239
1 0.25662251655629137 0.14072847682119205 0.016556291390728478 0.016556291390728478
1 0.28807947019867547 0.061258278145695365 0.019867549668874173 0.013245033112582781
1 0.75 0.09519867549668874 0.013245033112582781 0.014900662251655629
1 0.9304635761589404 0.46688741721854304 0.009933774834437087 0.019867549668874173
0 0.7673841059602649 0.3518211920529801 0.014900662251655629 0.0380794701986755
0 0.7442052980132451 0.3352649006622517 0.02152317880794702 0.05132450331125828
1 0.2293046357615894 0.4519867549668874 0.014900662251655629 0.006622516556291391
0 0.4031456953642384 0.5728476821192053 0.02152317880794702 0.019867549668874173
1 0.40397350993377484 0.5695364238410596 0.013245033112582781 0.009933774834437087
1 0.6258278145695364 0.8418874172185431 0.009933774834437087 0.0347682119205298
