1 0.06622516556291391 0.056291390728476824 0.023178807947019868 0.033112582781456956
1 0.054635761589403975 0.0869205298013245 0.016556291390728478 0.03145695364238411
1 0.10182119205298014 0.10513245033112582 0.018211920529801324 0.014900662251655629
1 0.11506622516556292 0.12334437086092716 0.018211920529801324 0.014900662251655629
1 0.03228476821192053 0.1490066225165563 0.011589403973509934 0.023178807947019868
1 0.2599337748344371 0.03145695364238411 0.013245033112582781 0.033112582781456956
1 0.4552980132450331 0.04718543046357616 0.013245033112582781 0.014900662251655629
1 0.4619205298013245 0.06456953642384106 0.019867549668874173 0.019867549668874173
1 0.43460264900662254 0.14155629139072848 0.018211920529801324 0.024834437086092714
1 0.27980132450331124 0.1564569536423841 0.023178807947019868 0.0347682119205298
1 0.14403973509933773 0.24006622516556292 0.009933774834437087 0.026490066225165563
1 0.0173841059602649 0.12748344370860928 0.024834437086092714 0.023178807947019868
1 0.6440397350993378 0.03228476821192053 0.019867549668874173 0.011589403973509934
1 0.5918874172185431 0.09933774834437085 0.014900662251655629 0.006622516556291391
1 0.6829470198675497 0.076158940397351 0.018211920529801324 0.019867549668874173
1 0.7855960264900662 0.013245033112582781 0.02152317880794702 0.023178807947019868
1 0.8096026490066225 0.03228476821192053 0.023178807947019868 0.018211920529801324
1 0.831953642384106 0.0173841059602649 0.018211920529801324 0.008278145695364239
1 0.8700331125827815 0.0902317880794702 0.024834437086092714 0.014900662251655629
1 0.7533112582781457 0.09685430463576158 0.026490066225165563 0.02152317880794702
1 0.7458609271523179 0.07119205298013245 0.028145695364238412 0.019867549668874173
1 0.7061258278145696 0.10596026490066225 0.0347682119205298 0.019867549668874173
1 0.7168874172185431 0.12831125827814568 0.033112582781456956 0.018211920529801324
1 0.7276490066225165 0.18956953642384106 0.014900662251655629 0.0347682119205298
1 0.8286423841059603 0.1423841059602649 0.018211920529801324 0.023178807947019868
1 0.8708609271523179 0.1771523178807947 0.013245033112582781 0.026490066225165563
1 0.9701986754966887 0.16225165562913907 0.019867549668874173 0.016556291390728478
1 0.5041390728476821 0.36920529801324503 0.011589403973509934 0.033112582781456956
0 0.5008278145695364 0.3658940397350993 0.02152317880794702 0.046357615894039736
0 0.8725165562913907 0.1804635761589404 0.019867549668874173 0.029801324503311258
0 0.8096026490066225 0.022350993377483443 0.016556291390728478 0.0380794701986755
1 0.6548013245033113 0.2533112582781457 0.014900662251655629 0.029801324503311258
1 0.7673841059602649 0.3344370860927152 0.014900662251655629 0.019867549668874173
1 0.9155629139072847 0.27566225165562913 0.026490066225165563 0.02152317880794702
0 0.03642384105960265 0.14486754966887416 0.023178807947019868 0.03145695364238411
0 0.14403973509933773 0.23344370860927152 0.009933774834437087 0.046357615894039736
1 0.15397350993377484 0.26076158940397354 0.006622516556291391 0.024834437086092714
1 0.16473509933774835 0.3576158940397351 0.008278145695364239 0.006622516556291391
0 0.16887417218543047 0.3543046357615894 0.033112582781456956 0.029801324503311258
1 0.19205298013245034 0.37996688741721857 0.033112582781456956 0.024834437086092714
0 0.19288079470198677 0.3849337748344371 0.0347682119205298 0.028145695364238412
0 0.45695364238410596 0.07119205298013245 0.019867549668874173 0.026490066225165563
0 0.7251655629139073 0.12831125827814568 0.046357615894039736 0.018211920529801324
0 0.7880794701986755 0.5173841059602649 0.023178807947019868 0.028145695364238412
0 0.7466887417218543 0.6316225165562914 0.026490066225165563 0.0380794701986755
0 0.3336092715231788 0.6076158940397351 0.024834437086092714 0.04966887417218543
0 0.10182119205298014 0.43460264900662254 0.028145695364238412 0.03145695364238411
0 0.1490066225165563 0.7690397350993378 0.03642384105960265 0.028145695364238412
0 0.13079470198675497 0.7491721854304636 0.033112582781456956 0.028145695364238412
0 0.07450331125827815 0.7119205298013245 0.019867549668874173 0.016556291390728478
0 0.3302980132450331 0.8427152317880795 0.02152317880794702 0.046357615894039736
0 0.4139072847682119 0.9048013245033113 0.056291390728476824 0.02152317880794702
0 0.5670529801324503 0.8899006622516556 0.028145695364238412 0.048013245033112585
0 0.5380794701986755 0.7955298013245033 0.023178807947019868 0.03145695364238411
0 0.7980132450331126 0.6970198675496688 0.023178807947019868 0.026490066225165563
0 0.7731788079470199 0.6920529801324503 0.026490066225165563 0.016556291390728478
0 0.8501655629139073 0.7185430463576159 0.018211920529801324 0.033112582781456956
0 0.831953642384106 0.7110927152317881 0.014900662251655629 0.02152317880794702
0 0.8294701986754967 0.7309602649006622 0.019867549668874173 0.018211920529801324
0 0.4610927152317881 0.4147350993377483 0.014900662251655629 0.03145695364238411
0 0.3129139072847682 0.33112582781456956 0.023178807947019868 0.046357615894039736
1 0.6746688741721855 0.04470198675496689 0.008278145695364239 0.013245033112582781
1 0.820364238410596 0.05132450331125828 0.014900662251655629 0.006622516556291391
1 0.8402317880794702 0.17135761589403972 0.028145695364238412 0.03145695364238411
0 0.9875827814569537 0.2905629139072848 0.024834437086092714 0.02152317880794702
1 0.9925496688741722 0.2905629139072848 0.008278145695364239 0.014900662251655629
1 0.9503311258278145 0.3675496688741722 0.013245033112582781 0.04966887417218543
1 0.972682119205298 0.3658940397350993 0.008278145695364239 0.016556291390728478
1 0.9370860927152318 0.4064569536423841 0.016556291390728478 0.024834437086092714
1 0.9495033112582781 0.43460264900662254 0.014900662251655629 0.03145695364238411
1 0.9122516556291391 0.43874172185430466 0.023178807947019868 0.019867549668874173
1 0.8865894039735099 0.4503311258278146 0.024834437086092714 0.016556291390728478
1 0.9097682119205298 0.4619205298013245 0.018211920529801324 0.019867549668874173
1 0.9130794701986755 0.5082781456953642 0.02152317880794702 0.026490066225165563
0 0.9139072847682119 0.5041390728476821 0.026490066225165563 0.0380794701986755
1 0.8120860927152318 0.5256622516556292 0.014900662251655629 0.03145695364238411
1 0.7847682119205298 0.5182119205298014 0.013245033112582781 0.023178807947019868
1 0.7781456953642384 0.554635761589404 0.013245033112582781 0.009933774834437087
0 0.7831125827814569 0.5529801324503312 0.023178807947019868 0.016556291390728478
1 0.7764900662251656 0.5687086092715232 0.016556291390728478 0.008278145695364239
1 0.8360927152317881 0.581953642384106 0.023178807947019868 0.03145695364238411
1 0.9039735099337748 0.5753311258278145 0.019867549668874173 0.028145695364238412
1 0.7475165562913907 0.42549668874172186 0.018211920529801324 0.029801324503311258
1 0.7574503311258278 0.4768211920529801 0.028145695364238412 0.019867549668874173
1 0.6514900662251656 0.4602649006622517 0.014900662251655629 0.029801324503311258
1 0.7607615894039735 0.6018211920529801 0.018211920529801324 0.02152317880794702
1 0.7533112582781457 0.6200331125827815 0.006622516556291391 0.004966887417218543
1 0.9147350993377483 0.6365894039735099 0.011589403973509934 0.02152317880794702
0 0.9097682119205298 0.6382450331125827 0.03145695364238411 0.028145695364238412
0 0.9147350993377483 0.6581125827814569 0.02152317880794702 0.011589403973509934
1 0.923841059602649 0.6564569536423841 0.006622516556291391 0.008278145695364239
0 0.8832781456953642 0.6771523178807947 0.014900662251655629 0.026490066225165563
1 0.8799668874172185 0.6812913907284768 0.008278145695364239 0.011589403973509934
0 0.9072847682119205 0.6771523178807947 0.026490066225165563 0.023178807947019868
1 0.9072847682119205 0.6763245033112583 0.006622516556291391 0.008278145695364239
1 0.8932119205298014 0.6581125827814569 0.014900662251655629 0.008278145695364239
1 0.7127483443708609 0.7168874172185431 0.011589403973509934 0.013245033112582781
0 0.7168874172185431 0.7144039735099338 0.019867549668874173 0.018211920529801324
1 0.7408940397350994 0.75 0.014900662251655629 0.026490066225165563
1 0.7110927152317881 0.7549668874172185 0.018211920529801324 0.016556291390728478
1 0.722682119205298 0.7706953642384106 0.018211920529801324 0.014900662251655629
1 0.8634105960264901 0.8981788079470199 0.008278145695364239 0.011589403973509934
0 0.8675496688741722 0.8948675496688742 0.033112582781456956 0.028145695364238412
1 0.8716887417218543 0.9205298013245033 0.011589403973509934 0.009933774834437087
1 0.7591059602649006 0.984271523178808 0.028145695364238412 0.024834437086092714
0 0.7566225165562914 0.9850993377483444 0.03642384105960265 0.029801324503311258
1 0.7036423841059603 0.9586092715231788 0.023178807947019868 0.026490066225165563
1 0.673841059602649 0.9420529801324503 0.013245033112582781 0.023178807947019868
1 0.6473509933774835 0.8766556291390728 0.009933774834437087 0.018211920529801324
1 0.6423841059602649 0.8990066225165563 0.023178807947019868 0.019867549668874173
0 0.6572847682119205 0.8708609271523179 0.033112582781456956 0.033112582781456956
0 0.6481788079470199 0.9064569536423841 0.0380794701986755 0.0347682119205298
1 0.5198675496688742 0.9610927152317881 0.019867549668874173 0.02152317880794702
1 0.5281456953642384 0.8435430463576159 0.019867549668874173 0.02152317880794702
1 0.554635761589404 0.8543046357615894 0.016556291390728478 0.009933774834437087
1 0.5322847682119205 0.7980132450331126 0.008278145695364239 0.019867549668874173
1 0.5463576158940397 0.8071192052980133 0.009933774834437087 0.014900662251655629
1 0.548841059602649 0.7491721854304636 0.004966887417218543 0.011589403973509934
0 0.5397350993377483 0.7566225165562914 0.026490066225165563 0.029801324503311258
1 0.5571192052980133 0.7640728476821192 0.011589403973509934 0.018211920529801324
1 0.5678807947019867 0.7392384105960265 0.016556291390728478 0.014900662251655629
1 0.5596026490066225 0.7028145695364238 0.013245033112582781 0.02152317880794702
0 0.5587748344370861 0.7102649006622517 0.018211920529801324 0.033112582781456956
1 0.7723509933774835 0.6945364238410596 0.018211920529801324 0.011589403973509934
1 0.8021523178807947 0.6937086092715232 0.008278145695364239 0.013245033112582781
1 0.8493377483443708 0.7168874172185431 0.009933774834437087 0.019867549668874173
1 0.8327814569536424 0.7110927152317881 0.006622516556291391 0.011589403973509934
1 0.8269867549668874 0.7317880794701986 0.008278145695364239 0.009933774834437087
1 0.3336092715231788 0.597682119205298 0.014900662251655629 0.013245033112582781
1 0.33112582781456956 0.8501655629139073 0.013245033112582781 0.024834437086092714
1 0.42135761589403975 0.9089403973509934 0.028145695364238412 0.013245033112582781
1 0.4230132450331126 0.923841059602649 0.02152317880794702 0.016556291390728478
1 0.37334437086092714 0.890728476821192 0.02152317880794702 0.023178807947019868
1 0.3543046357615894 0.9321192052980133 0.013245033112582781 0.023178807947019868
1 0.2947019867549669 0.8211920529801324 0.016556291390728478 0.013245033112582781
1 0.3369205298013245 0.8062913907284768 0.02152317880794702 0.013245033112582781
1 0.1183774834437086 0.8336092715231788 0.024834437086092714 0.028145695364238412
1 0.1291390728476821 0.8509933774834437 0.013245033112582781 0.019867549668874173
1 0.004966887417218543 0.8899006622516556 0.006622516556291391 0.018211920529801324
1 0.027317880794701987 0.9776490066225165 0.014900662251655629 0.02152317880794702
1 0.011589403973509934 0.7127483443708609 0.019867549668874173 0.011589403973509934
1 0.07947019867549669 0.7119205298013245 0.006622516556291391 0.006622516556291391
1 0.1490066225165563 0.7740066225165563 0.026490066225165563 0.014900662251655629
1 0.12334437086092716 0.7557947019867549 0.018211920529801324 0.011589403973509934
1 0.2052980132450331 0.6548013245033113 0.016556291390728478 0.018211920529801324
1 0.21274834437086093 0.673841059602649 0.018211920529801324 0.013245033112582781
1 0.1804635761589404 0.6332781456953642 0.016556291390728478 0.02152317880794702
1 0.18211920529801323 0.5852649006622517 0.016556291390728478 0.014900662251655629
1 0.15728476821192053 0.5347682119205298 0.009933774834437087 0.019867549668874173
1 0.09188741721854304 0.43460264900662254 0.011589403973509934 0.024834437086092714
1 0.31539735099337746 0.33278145695364236 0.011589403973509934 0.029801324503311258
1 0.4586092715231788 0.4139072847682119 0.009933774834437087 0.019867549668874173
1 0.4693708609271523 0.46357615894039733 0.018211920529801324 0.016556291390728478
0 0.4693708609271523 0.4610927152317881 0.02152317880794702 0.024834437086092714
1 0.5397350993377483 0.4718543046357616 0.019867549668874173 0.029801324503311258
1 0.5678807947019867 0.5033112582781457 0.033112582781456956 0.023178807947019868
1 0.5811258278145696 0.6183774834437086 0.013245033112582781 0.028145695364238412
1 0.4908940397350993 0.609271523178808 0.011589403973509934 0.013245033112582781
1 0.472682119205298 0.5463576158940397 0.014900662251655629 0.026490066225165563
1 0.31374172185430466 0.40894039735099336 0.018211920529801324 0.019867549668874173
1 0.326158940397351 0.3758278145695364 0.016556291390728478 0.026490066225165563
1 0.3791390728476821 0.35513245033112584 0.016556291390728478 0.008278145695364239
1 0.5289735099337748 0.3981788079470199 0.02152317880794702 0.03145695364238411
1 0.5091059602649006 0.40728476821192056 0.024834437086092714 0.019867549668874173
1 0.5281456953642384 0.42632450331125826 0.016556291390728478 0.024834437086092714
1 0.46771523178807944 0.34188741721854304 0.02152317880794702 0.024834437086092714
1 0.47019867549668876 0.3882450331125828 0.019867549668874173 0.024834437086092714
1 0.44370860927152317 0.40066225165562913 0.013245033112582781 0.013245033112582781
1 0.44288079470198677 0.41804635761589404 0.011589403973509934 0.018211920529801324
1 0.3195364238410596 0.45612582781456956 0.023178807947019868 0.04470198675496689
1 0.31788079470198677 0.5355960264900662 0.013245033112582781 0.02152317880794702
1 0.15314569536423842 0.4147350993377483 0.03145695364238411 0.02152317880794702
1 0.14072847682119205 0.43956953642384106 0.009933774834437087 0.008278145695364239
1 0.04966887417218543 0.45695364238410596 0.046357615894039736 0.019867549668874173
1 0.06788079470198675 0.46688741721854304 0.03642384105960265 0.013245033112582781
0 0.06456953642384106 0.4693708609271523 0.03642384105960265 0.018211920529801324
1 0.0728476821192053 0.5016556291390728 0.023178807947019868 0.033112582781456956
1 0.048841059602649006 0.4900662251655629 0.014900662251655629 0.013245033112582781
1 0.4329470198675497 0.7367549668874173 0.014900662251655629 0.013245033112582781
0 0.4304635761589404 0.734271523178808 0.03642384105960265 0.041390728476821195
1 0.6804635761589404 0.9908940397350994 0.019867549668874173 0.018211920529801324
1 0.2996688741721854 0.28807947019867547 0.009933774834437087 0.029801324503311258
1 0.005794701986754967 0.6581125827814569 0.008278145695364239 0.018211920529801324
1 0.24254966887417218 0.9188741721854304 0.008278145695364239 0.019867549668874173
1 0.2326158940397351 0.9975165562913907 0.011589403973509934 0.004966887417218543
1 0.9983443708609272 0.10430463576158941 0.0033112582781456954 0.006622516556291391
1 0.9983443708609272 0.004966887417218543 0.0033112582781456954 0.006622516556291391
1 0.9983443708609272 0.353476821192053 0.0033112582781456954 0.014900662251655629
1 0.7375827814569537 0.6341059602649006 0.008278145695364239 0.009933774834437087
1 0.5678807947019867 0.8981788079470199 0.013245033112582781 0.018211920529801324
1 0.29718543046357615 0.8062913907284768 0.011589403973509934 0.006622516556291391
1 0.31043046357615894 0.7996688741721855 0.004966887417218543 0.006622516556291391
